#PicoHarp 300  Histogram Data			18/12/2022 07:19:08 PM
#channels per curve
6250
#display curve no.
0	
#memory block no.
0	
#ns/channel
0.0160	
#counts
0	
0	
0	
0	
0	
0	
0	
0	
0	
0	
0	
0	
0	
0	
0	
0	
0	
0	
0	
0	
0	
0	
0	
0	
0	
1	
0	
0	
0	
0	
0	
0	
0	
0	
0	
0	
0	
0	
0	
0	
0	
0	
0	
0	
0	
0	
0	
0	
1	
0	
0	
0	
0	
1	
0	
0	
0	
0	
0	
0	
0	
0	
0	
0	
0	
0	
0	
0	
0	
0	
0	
0	
0	
0	
0	
0	
0	
0	
0	
0	
0	
0	
0	
0	
0	
0	
0	
0	
0	
0	
0	
0	
0	
0	
0	
0	
0	
0	
0	
0	
0	
0	
0	
0	
0	
0	
0	
0	
0	
0	
0	
0	
0	
0	
0	
0	
0	
0	
0	
0	
0	
0	
0	
0	
0	
0	
0	
0	
0	
0	
0	
0	
0	
0	
0	
0	
0	
0	
0	
0	
0	
0	
0	
0	
0	
0	
0	
0	
0	
0	
0	
0	
0	
0	
0	
0	
0	
0	
0	
0	
0	
0	
0	
0	
0	
0	
0	
0	
0	
0	
0	
0	
0	
0	
0	
0	
0	
0	
0	
0	
1	
0	
0	
0	
0	
0	
0	
0	
0	
0	
0	
0	
0	
0	
0	
0	
0	
0	
0	
1	
0	
0	
0	
0	
0	
0	
0	
0	
0	
0	
0	
0	
0	
0	
0	
0	
0	
0	
0	
0	
0	
0	
0	
0	
1	
0	
0	
0	
0	
0	
0	
0	
1	
0	
0	
0	
0	
0	
0	
0	
1	
0	
0	
0	
0	
0	
0	
0	
0	
0	
0	
0	
0	
0	
0	
0	
0	
0	
0	
1	
0	
0	
0	
0	
0	
0	
0	
0	
0	
0	
0	
1	
0	
0	
0	
0	
0	
0	
0	
0	
0	
0	
0	
0	
0	
0	
0	
0	
0	
0	
1	
0	
0	
0	
0	
0	
0	
0	
0	
0	
0	
0	
0	
0	
0	
0	
0	
0	
0	
0	
1	
0	
0	
1	
0	
1	
0	
0	
0	
0	
0	
0	
0	
0	
0	
0	
0	
0	
0	
0	
0	
0	
0	
0	
0	
0	
0	
0	
0	
0	
0	
0	
0	
0	
0	
0	
0	
0	
0	
0	
0	
0	
0	
0	
0	
0	
0	
0	
0	
0	
0	
0	
0	
0	
0	
0	
0	
0	
0	
0	
0	
0	
0	
0	
0	
0	
0	
0	
0	
1	
0	
0	
0	
0	
0	
0	
0	
0	
0	
0	
0	
0	
0	
0	
0	
0	
0	
0	
0	
0	
0	
0	
0	
1	
0	
0	
0	
0	
0	
0	
0	
0	
0	
0	
0	
0	
0	
0	
0	
0	
0	
0	
0	
0	
0	
0	
0	
0	
0	
0	
0	
0	
0	
0	
0	
0	
0	
0	
0	
0	
0	
0	
0	
0	
0	
0	
0	
0	
0	
0	
0	
0	
0	
0	
0	
0	
0	
0	
0	
0	
0	
0	
0	
0	
0	
0	
0	
0	
0	
0	
0	
0	
0	
0	
0	
0	
0	
0	
0	
0	
0	
0	
0	
0	
0	
0	
0	
0	
0	
0	
0	
0	
0	
0	
0	
1	
0	
0	
0	
1	
0	
0	
0	
0	
0	
0	
0	
0	
0	
0	
0	
0	
0	
0	
0	
0	
0	
0	
0	
0	
0	
0	
0	
0	
0	
0	
0	
0	
0	
0	
0	
0	
0	
0	
0	
0	
0	
0	
0	
0	
0	
0	
0	
0	
0	
0	
0	
0	
0	
0	
0	
0	
0	
0	
0	
0	
0	
0	
0	
0	
0	
0	
0	
0	
0	
1	
0	
0	
0	
0	
0	
0	
0	
0	
0	
0	
0	
0	
0	
0	
0	
0	
0	
0	
0	
0	
0	
0	
0	
0	
0	
0	
0	
0	
0	
0	
0	
0	
0	
0	
0	
0	
0	
0	
0	
1	
0	
0	
1	
0	
0	
0	
0	
0	
0	
0	
0	
0	
0	
0	
0	
0	
0	
0	
0	
0	
0	
0	
0	
0	
0	
0	
0	
0	
0	
0	
0	
0	
0	
1	
1	
0	
0	
0	
0	
0	
0	
0	
0	
0	
0	
0	
0	
0	
0	
0	
0	
0	
0	
0	
0	
0	
0	
0	
0	
1	
0	
0	
0	
0	
0	
0	
0	
0	
0	
0	
0	
0	
0	
0	
0	
0	
0	
0	
0	
0	
0	
0	
0	
0	
0	
0	
0	
0	
0	
0	
0	
0	
0	
0	
0	
0	
0	
0	
0	
0	
0	
0	
0	
0	
0	
0	
0	
0	
0	
0	
0	
0	
0	
0	
1	
0	
0	
0	
0	
0	
0	
0	
0	
0	
0	
0	
0	
0	
0	
0	
0	
1	
0	
0	
0	
0	
0	
0	
0	
0	
0	
0	
0	
0	
0	
0	
0	
0	
0	
0	
0	
0	
0	
0	
0	
0	
0	
0	
0	
0	
0	
1	
0	
1	
0	
0	
0	
0	
0	
0	
0	
1	
0	
0	
0	
0	
0	
0	
0	
0	
0	
0	
0	
0	
0	
0	
0	
0	
0	
0	
0	
0	
2	
0	
1	
0	
0	
1	
0	
0	
0	
0	
0	
0	
1	
0	
0	
0	
0	
0	
0	
0	
0	
0	
0	
0	
0	
0	
0	
0	
0	
0	
0	
0	
0	
0	
0	
0	
0	
2	
14	
81	
298	
848	
1887	
3179	
5103	
6819	
8172	
8956	
9229	
9315	
9653	
9647	
9758	
9833	
9952	
9991	
9902	
9853	
10000	
9878	
9870	
9928	
9905	
9940	
9780	
9846	
9866	
9762	
9739	
9848	
9847	
9953	
9979	
9741	
9872	
9690	
9766	
9723	
9608	
9623	
9659	
9506	
9364	
9376	
9530	
9220	
9548	
9367	
9412	
9190	
9377	
9172	
9280	
9092	
9073	
8986	
8726	
8923	
9065	
8833	
8827	
8799	
8815	
8731	
8670	
8584	
8488	
8410	
8662	
8460	
8368	
8370	
8400	
8416	
8143	
8257	
8313	
8357	
8277	
8257	
8124	
8143	
8090	
8043	
8199	
7931	
7929	
7882	
8144	
7911	
7952	
7822	
7889	
7735	
7717	
7646	
7684	
7577	
7409	
7404	
7394	
7234	
7387	
7441	
7329	
7306	
7234	
7337	
7195	
7278	
7176	
7163	
7171	
7102	
7082	
7038	
6990	
7054	
6973	
6982	
6638	
6953	
6942	
6805	
6874	
6671	
6836	
6756	
6684	
6560	
6500	
6625	
6627	
6665	
6621	
6412	
6455	
6458	
6423	
6348	
6393	
6305	
6223	
6259	
6245	
6337	
6134	
6316	
6235	
6181	
6178	
6157	
6007	
6098	
6082	
5955	
5976	
5838	
5768	
5929	
5803	
5920	
5851	
5798	
5784	
5721	
5821	
5729	
5743	
5721	
5652	
5646	
5492	
5501	
5585	
5496	
5575	
5545	
5546	
5510	
5569	
5375	
5428	
5337	
5433	
5317	
5347	
5239	
5339	
5140	
5113	
5208	
5190	
5123	
5112	
5193	
5085	
5125	
5066	
5055	
4910	
4969	
5014	
4870	
4895	
4899	
5059	
4938	
4920	
4776	
4887	
4781	
4780	
4677	
4786	
4706	
4751	
4592	
4636	
4578	
4704	
4686	
4657	
4627	
4609	
4629	
4479	
4589	
4422	
4584	
4360	
4383	
4310	
4423	
4317	
4363	
4198	
4278	
4310	
4415	
4193	
4233	
4265	
4166	
4227	
4100	
4246	
4053	
4103	
4113	
4104	
4042	
4098	
4025	
3987	
4011	
4005	
4065	
4017	
4065	
3990	
3970	
3923	
3929	
3921	
3861	
3774	
3848	
3728	
3800	
3814	
3730	
3743	
3712	
3713	
3826	
3663	
3825	
3708	
3662	
3567	
3655	
3632	
3670	
3550	
3590	
3469	
3528	
3454	
3397	
3423	
3562	
3499	
3388	
3445	
3476	
3440	
3413	
3419	
3412	
3297	
3372	
3303	
3268	
3334	
3271	
3327	
3229	
3259	
3199	
3205	
3136	
3198	
3221	
3177	
3129	
3175	
3117	
3150	
3194	
2979	
3092	
3030	
3103	
3053	
3048	
3105	
3102	
3024	
2931	
2994	
3000	
2981	
2940	
2942	
2829	
2854	
2944	
2879	
2929	
2877	
2862	
2844	
2820	
2912	
2794	
2916	
2786	
2791	
2797	
2769	
2774	
2724	
2749	
2707	
2697	
2732	
2700	
2677	
2624	
2629	
2753	
2684	
2658	
2572	
2558	
2571	
2591	
2559	
2483	
2499	
2568	
2583	
2480	
2434	
2499	
2587	
2495	
2419	
2487	
2453	
2417	
2433	
2417	
2424	
2434	
2407	
2349	
2342	
2296	
2276	
2290	
2309	
2326	
2272	
2380	
2338	
2296	
2358	
2249	
2287	
2266	
2231	
2191	
2257	
2223	
2211	
2226	
2258	
2189	
2233	
2149	
2150	
2192	
2179	
2147	
2106	
2111	
2128	
2090	
2091	
2141	
2051	
2061	
2010	
2004	
1961	
2044	
2065	
1969	
2090	
2023	
2043	
1973	
2005	
1935	
1899	
1990	
1997	
1833	
1906	
1930	
1941	
1890	
2012	
1876	
1962	
1918	
1776	
1945	
1876	
1864	
1856	
1847	
1798	
1833	
1751	
1837	
1839	
1753	
1745	
1779	
1718	
1685	
1686	
1725	
1707	
1728	
1701	
1694	
1726	
1681	
1637	
1596	
1696	
1679	
1663	
1633	
1650	
1612	
1689	
1697	
1661	
1597	
1624	
1564	
1630	
1655	
1613	
1586	
1585	
1574	
1600	
1528	
1544	
1530	
1535	
1477	
1491	
1608	
1497	
1432	
1511	
1526	
1443	
1460	
1497	
1557	
1445	
1455	
1515	
1530	
1451	
1490	
1501	
1451	
1418	
1385	
1414	
1394	
1438	
1437	
1411	
1439	
1366	
1400	
1342	
1300	
1358	
1342	
1396	
1307	
1288	
1246	
1336	
1356	
1234	
1325	
1383	
1264	
1282	
1268	
1334	
1273	
1206	
1217	
1248	
1204	
1268	
1209	
1248	
1295	
1265	
1160	
1239	
1270	
1242	
1213	
1216	
1173	
1235	
1133	
1189	
1132	
1238	
1135	
1140	
1172	
1141	
1155	
1139	
1155	
1182	
1102	
1144	
1052	
1147	
1064	
1179	
1083	
1040	
1135	
1102	
1048	
1060	
1056	
1085	
1044	
1090	
1126	
1063	
1057	
1047	
1016	
1068	
1029	
1021	
1014	
1011	
1028	
1001	
1053	
989	
1021	
994	
1015	
1031	
1020	
983	
986	
989	
961	
983	
996	
1010	
961	
953	
956	
964	
961	
904	
971	
934	
933	
918	
918	
942	
889	
927	
893	
910	
910	
881	
955	
949	
841	
891	
908	
905	
916	
857	
927	
846	
917	
860	
835	
827	
816	
826	
887	
849	
797	
850	
830	
822	
837	
747	
803	
844	
782	
803	
796	
787	
783	
766	
834	
733	
816	
792	
776	
792	
774	
784	
736	
706	
741	
754	
769	
720	
798	
747	
733	
713	
746	
701	
706	
713	
724	
676	
715	
682	
703	
742	
732	
716	
698	
685	
712	
666	
755	
689	
634	
715	
656	
661	
665	
735	
641	
676	
674	
671	
623	
655	
650	
654	
620	
654	
627	
629	
691	
636	
623	
637	
636	
640	
620	
613	
624	
620	
642	
643	
601	
583	
576	
613	
632	
584	
584	
552	
573	
569	
623	
605	
586	
568	
574	
544	
578	
551	
556	
560	
550	
546	
581	
580	
552	
528	
564	
507	
562	
534	
515	
545	
545	
578	
515	
545	
535	
536	
565	
532	
510	
532	
501	
463	
498	
514	
539	
515	
509	
546	
492	
534	
504	
489	
488	
501	
522	
459	
473	
488	
462	
473	
475	
443	
510	
492	
451	
490	
469	
474	
450	
448	
470	
453	
410	
474	
441	
448	
428	
433	
426	
433	
443	
421	
408	
431	
447	
427	
487	
428	
408	
426	
446	
415	
416	
425	
452	
454	
386	
411	
453	
399	
398	
416	
371	
415	
385	
402	
390	
414	
376	
406	
412	
398	
428	
443	
395	
383	
375	
392	
388	
361	
365	
354	
385	
395	
381	
353	
391	
344	
344	
332	
359	
355	
358	
348	
354	
377	
334	
370	
349	
342	
348	
322	
337	
338	
324	
341	
338	
349	
325	
339	
359	
325	
349	
365	
351	
349	
381	
332	
341	
328	
310	
321	
362	
318	
347	
293	
314	
308	
291	
344	
284	
290	
307	
320	
295	
313	
270	
290	
282	
284	
291	
302	
329	
311	
300	
292	
289	
299	
296	
285	
280	
286	
274	
247	
268	
274	
297	
284	
268	
270	
260	
250	
289	
284	
251	
282	
282	
254	
291	
250	
247	
272	
254	
256	
281	
280	
235	
281	
264	
260	
232	
209	
234	
250	
235	
235	
246	
250	
259	
221	
231	
236	
245	
227	
234	
233	
227	
242	
236	
240	
260	
240	
228	
234	
248	
239	
222	
223	
234	
254	
232	
226	
202	
221	
210	
233	
215	
231	
215	
217	
208	
222	
196	
213	
202	
212	
218	
229	
221	
225	
199	
215	
209	
196	
205	
209	
194	
181	
209	
209	
206	
190	
198	
207	
193	
209	
176	
189	
194	
196	
173	
172	
205	
182	
185	
212	
178	
213	
186	
214	
201	
183	
175	
170	
178	
193	
171	
169	
181	
182	
182	
182	
192	
159	
171	
164	
140	
185	
168	
165	
171	
176	
166	
175	
174	
177	
175	
159	
158	
165	
160	
157	
175	
168	
162	
171	
157	
162	
158	
173	
172	
176	
161	
151	
152	
144	
174	
145	
153	
153	
142	
139	
155	
153	
128	
145	
131	
136	
171	
137	
136	
151	
143	
158	
143	
150	
128	
149	
133	
138	
141	
147	
117	
150	
156	
142	
133	
130	
137	
134	
115	
114	
150	
142	
133	
124	
134	
120	
117	
127	
129	
173	
128	
126	
119	
111	
102	
119	
131	
131	
133	
118	
118	
122	
106	
116	
132	
122	
127	
117	
105	
121	
120	
107	
106	
112	
108	
140	
118	
114	
122	
102	
115	
131	
127	
94	
107	
104	
100	
103	
129	
114	
128	
98	
100	
119	
110	
113	
129	
98	
104	
85	
107	
89	
105	
103	
115	
102	
96	
101	
98	
113	
88	
109	
110	
109	
107	
95	
103	
101	
94	
111	
94	
94	
109	
92	
87	
101	
113	
84	
93	
80	
93	
98	
83	
85	
93	
85	
83	
85	
94	
87	
105	
78	
102	
100	
104	
80	
76	
90	
90	
82	
82	
62	
87	
67	
79	
77	
83	
69	
98	
84	
93	
76	
96	
71	
77	
95	
67	
83	
73	
94	
82	
79	
86	
96	
62	
88	
80	
71	
83	
80	
74	
79	
78	
79	
87	
88	
65	
81	
92	
85	
71	
73	
79	
67	
75	
79	
77	
57	
82	
50	
72	
75	
68	
81	
78	
60	
74	
69	
77	
76	
86	
70	
72	
77	
63	
65	
73	
64	
54	
82	
58	
68	
74	
77	
63	
65	
60	
64	
61	
61	
61	
60	
61	
71	
65	
62	
43	
56	
57	
50	
60	
55	
60	
57	
56	
67	
67	
54	
66	
64	
65	
66	
60	
61	
42	
63	
62	
56	
56	
50	
49	
65	
48	
61	
43	
53	
51	
58	
56	
66	
53	
49	
51	
40	
40	
54	
53	
55	
55	
44	
48	
56	
52	
45	
49	
58	
50	
62	
53	
61	
38	
42	
61	
55	
45	
62	
43	
38	
49	
38	
49	
59	
47	
43	
51	
54	
42	
40	
48	
50	
56	
54	
43	
48	
48	
33	
49	
41	
45	
31	
49	
38	
44	
36	
37	
54	
50	
44	
39	
41	
39	
52	
42	
31	
40	
43	
43	
30	
38	
37	
40	
42	
32	
52	
47	
41	
32	
40	
45	
43	
47	
33	
36	
33	
33	
50	
30	
33	
36	
26	
44	
45	
45	
35	
50	
45	
33	
41	
42	
37	
29	
42	
39	
37	
38	
36	
41	
39	
29	
35	
35	
41	
37	
28	
34	
34	
38	
34	
29	
24	
38	
43	
26	
48	
23	
36	
35	
30	
30	
32	
42	
29	
29	
24	
31	
28	
29	
34	
33	
45	
25	
28	
30	
29	
33	
37	
30	
20	
26	
41	
30	
26	
25	
30	
27	
41	
27	
23	
23	
26	
31	
30	
32	
29	
28	
44	
24	
24	
23	
29	
15	
28	
30	
22	
26	
23	
23	
20	
28	
23	
20	
23	
31	
25	
19	
27	
28	
24	
26	
32	
19	
27	
24	
25	
31	
23	
19	
23	
28	
16	
30	
17	
19	
23	
29	
27	
26	
21	
16	
26	
17	
17	
29	
24	
28	
21	
20	
18	
22	
19	
24	
29	
23	
18	
21	
26	
23	
22	
22	
30	
29	
23	
19	
14	
28	
30	
23	
20	
22	
14	
18	
27	
13	
18	
15	
23	
23	
23	
17	
23	
18	
18	
23	
26	
28	
14	
19	
23	
16	
26	
22	
10	
17	
19	
15	
12	
24	
15	
20	
21	
16	
21	
20	
22	
19	
15	
22	
15	
16	
17	
18	
15	
23	
14	
23	
15	
12	
14	
10	
24	
18	
17	
11	
10	
27	
19	
26	
16	
18	
20	
15	
16	
19	
19	
19	
14	
13	
16	
14	
11	
13	
17	
13	
10	
15	
19	
9	
12	
19	
13	
23	
17	
17	
17	
12	
17	
13	
18	
15	
14	
19	
18	
8	
17	
9	
13	
17	
13	
10	
13	
13	
18	
9	
13	
13	
13	
17	
14	
15	
10	
9	
18	
7	
15	
12	
15	
13	
11	
22	
12	
5	
15	
19	
17	
7	
10	
10	
15	
11	
18	
13	
20	
13	
10	
11	
6	
4	
18	
15	
16	
22	
17	
15	
18	
14	
15	
10	
9	
12	
17	
9	
10	
13	
10	
18	
9	
4	
12	
11	
21	
8	
11	
10	
11	
14	
11	
6	
14	
10	
7	
14	
10	
10	
11	
16	
7	
10	
12	
10	
6	
8	
8	
13	
16	
9	
6	
9	
7	
13	
6	
15	
8	
12	
6	
10	
9	
5	
13	
6	
10	
10	
11	
7	
8	
9	
5	
11	
6	
8	
10	
7	
2	
8	
12	
7	
5	
5	
11	
9	
6	
10	
12	
6	
14	
10	
9	
9	
12	
7	
4	
14	
5	
10	
6	
9	
7	
8	
9	
7	
13	
11	
12	
5	
10	
1	
8	
8	
12	
13	
8	
7	
8	
5	
8	
8	
8	
8	
9	
2	
4	
10	
7	
9	
11	
5	
8	
10	
8	
11	
7	
5	
5	
5	
5	
9	
6	
9	
7	
9	
8	
6	
6	
8	
6	
7	
9	
6	
7	
7	
8	
3	
4	
8	
5	
7	
4	
6	
8	
9	
5	
8	
5	
7	
7	
8	
8	
7	
5	
7	
12	
4	
4	
3	
12	
4	
7	
7	
7	
6	
7	
3	
2	
8	
5	
6	
4	
8	
3	
5	
6	
4	
5	
3	
6	
8	
7	
7	
10	
8	
8	
5	
5	
6	
4	
4	
3	
4	
3	
5	
7	
3	
8	
5	
7	
7	
5	
4	
3	
9	
11	
4	
9	
4	
9	
7	
4	
4	
6	
4	
7	
6	
4	
6	
2	
5	
7	
6	
6	
4	
3	
6	
0	
6	
5	
3	
6	
3	
1	
2	
4	
3	
4	
3	
1	
2	
0	
3	
4	
6	
3	
4	
7	
5	
1	
2	
3	
3	
5	
6	
2	
4	
2	
1	
2	
5	
5	
3	
1	
7	
5	
5	
4	
4	
3	
2	
1	
2	
3	
1	
6	
3	
4	
7	
3	
4	
3	
2	
2	
2	
0	
3	
2	
6	
5	
5	
1	
4	
4	
5	
5	
3	
2	
4	
6	
4	
6	
7	
3	
1	
3	
3	
5	
2	
6	
5	
3	
5	
2	
3	
2	
6	
2	
1	
3	
2	
5	
4	
3	
2	
4	
6	
1	
2	
5	
3	
4	
2	
5	
4	
6	
2	
1	
1	
3	
0	
4	
3	
1	
2	
0	
3	
1	
1	
2	
0	
3	
0	
3	
5	
1	
3	
5	
5	
1	
1	
6	
7	
4	
2	
2	
5	
2	
3	
0	
0	
5	
2	
2	
5	
3	
1	
2	
5	
4	
2	
1	
2	
5	
2	
2	
2	
4	
3	
6	
5	
3	
2	
3	
3	
5	
0	
2	
3	
1	
0	
1	
4	
2	
7	
2	
3	
3	
3	
3	
0	
0	
4	
4	
0	
2	
4	
1	
3	
4	
0	
2	
2	
4	
2	
1	
2	
3	
4	
1	
1	
2	
4	
0	
1	
5	
3	
4	
1	
3	
2	
4	
3	
3	
3	
1	
0	
2	
1	
1	
4	
2	
0	
1	
1	
3	
2	
0	
5	
1	
0	
1	
3	
2	
2	
2	
3	
3	
3	
2	
0	
2	
4	
2	
5	
1	
0	
3	
3	
4	
2	
3	
2	
0	
0	
2	
4	
0	
2	
2	
4	
0	
1	
4	
1	
2	
1	
1	
6	
1	
1	
1	
1	
0	
0	
0	
0	
0	
1	
3	
0	
2	
0	
1	
0	
2	
5	
2	
1	
4	
3	
0	
3	
1	
1	
1	
2	
1	
0	
1	
0	
0	
2	
1	
0	
0	
2	
1	
1	
0	
2	
4	
1	
0	
3	
2	
0	
1	
0	
1	
4	
1	
0	
0	
3	
0	
2	
3	
1	
3	
0	
1	
1	
1	
1	
3	
2	
1	
1	
4	
0	
0	
0	
0	
0	
0	
3	
2	
1	
1	
1	
1	
1	
3	
1	
0	
1	
1	
0	
0	
2	
3	
1	
3	
1	
0	
1	
2	
2	
1	
1	
0	
2	
2	
1	
2	
3	
2	
1	
0	
1	
0	
1	
1	
1	
1	
1	
0	
1	
0	
5	
1	
1	
0	
0	
1	
3	
2	
3	
0	
0	
0	
0	
0	
0	
1	
1	
2	
2	
0	
2	
0	
1	
1	
1	
0	
3	
2	
1	
2	
1	
2	
2	
0	
1	
1	
1	
2	
0	
2	
1	
0	
0	
0	
1	
1	
1	
0	
0	
0	
1	
3	
0	
3	
1	
0	
1	
0	
1	
0	
0	
3	
3	
1	
0	
1	
0	
0	
0	
0	
1	
1	
2	
1	
1	
1	
2	
1	
0	
0	
1	
0	
1	
4	
0	
0	
1	
1	
0	
1	
1	
2	
0	
1	
1	
3	
2	
0	
0	
0	
0	
0	
0	
1	
2	
1	
0	
1	
0	
0	
0	
1	
1	
1	
0	
0	
1	
0	
0	
0	
0	
0	
1	
1	
0	
1	
1	
1	
0	
0	
0	
1	
1	
0	
0	
0	
0	
0	
1	
2	
0	
0	
1	
1	
2	
1	
1	
1	
0	
0	
0	
3	
2	
1	
0	
0	
1	
1	
0	
0	
1	
1	
1	
0	
1	
2	
1	
1	
0	
1	
0	
0	
0	
1	
1	
0	
4	
0	
1	
1	
1	
1	
1	
1	
0	
2	
0	
0	
1	
1	
2	
0	
1	
0	
0	
0	
0	
0	
0	
0	
0	
2	
0	
0	
0	
0	
1	
0	
0	
0	
0	
1	
0	
1	
1	
2	
2	
2	
1	
0	
0	
1	
0	
0	
0	
0	
0	
0	
1	
0	
1	
0	
0	
0	
0	
1	
1	
0	
0	
0	
1	
0	
0	
1	
0	
0	
0	
1	
2	
0	
0	
2	
1	
0	
1	
1	
0	
1	
1	
1	
1	
0	
0	
0	
0	
0	
0	
0	
0	
3	
1	
1	
0	
1	
0	
1	
1	
1	
0	
0	
1	
0	
1	
1	
0	
0	
0	
1	
1	
1	
0	
0	
0	
0	
0	
0	
1	
0	
0	
0	
0	
0	
0	
0	
0	
2	
1	
0	
0	
1	
0	
2	
0	
0	
2	
1	
0	
0	
1	
0	
0	
2	
0	
0	
0	
0	
0	
0	
1	
0	
1	
0	
1	
0	
0	
0	
0	
0	
1	
0	
0	
0	
0	
0	
1	
0	
0	
0	
0	
0	
0	
0	
2	
2	
0	
0	
0	
1	
0	
0	
0	
1	
0	
2	
1	
1	
0	
0	
1	
1	
0	
0	
0	
0	
1	
0	
0	
0	
0	
0	
0	
0	
0	
0	
1	
0	
1	
2	
0	
0	
1	
2	
0	
0	
0	
0	
0	
1	
0	
0	
0	
0	
1	
0	
0	
0	
1	
1	
1	
0	
0	
3	
0	
0	
0	
0	
1	
2	
1	
0	
0	
0	
0	
2	
0	
1	
2	
0	
1	
1	
0	
0	
0	
1	
0	
0	
0	
2	
2	
3	
2	
0	
3	
3	
2	
2	
3	
2	
1	
1	
2	
3	
2	
1	
4	
3	
2	
2	
4	
3	
1	
2	
4	
1	
1	
2	
4	
2	
3	
3	
1	
3	
4	
1	
0	
2	
2	
3	
4	
2	
3	
0	
1	
1	
3	
1	
3	
1	
4	
2	
1	
7	
0	
4	
0	
6	
3	
3	
2	
1	
3	
3	
3	
2	
3	
0	
0	
4	
1	
4	
6	
0	
3	
2	
3	
2	
3	
5	
2	
5	
1	
3	
4	
2	
2	
3	
7	
4	
5	
3	
4	
1	
5	
1	
1	
5	
1	
3	
3	
3	
3	
4	
4	
6	
3	
4	
2	
4	
1	
5	
7	
4	
2	
5	
1	
4	
4	
6	
4	
3	
1	
4	
3	
3	
3	
4	
2	
2	
4	
2	
2	
3	
5	
2	
2	
3	
2	
6	
2	
3	
1	
8	
6	
1	
0	
5	
3	
2	
7	
3	
6	
2	
1	
3	
3	
3	
3	
5	
2	
4	
4	
3	
7	
5	
2	
2	
4	
1	
2	
4	
4	
7	
4	
2	
1	
1	
1	
1	
7	
3	
3	
1	
1	
4	
4	
3	
2	
2	
2	
4	
2	
4	
4	
3	
5	
2	
1	
1	
2	
2	
2	
2	
2	
5	
3	
1	
2	
2	
6	
3	
2	
1	
2	
0	
4	
2	
1	
5	
0	
3	
3	
0	
3	
3	
3	
2	
4	
2	
2	
3	
1	
1	
5	
3	
3	
3	
1	
5	
2	
1	
2	
3	
3	
1	
2	
3	
3	
1	
0	
1	
1	
1	
2	
3	
3	
1	
3	
2	
1	
3	
3	
1	
2	
2	
4	
1	
1	
3	
3	
1	
0	
4	
2	
1	
3	
1	
3	
1	
1	
2	
1	
3	
0	
2	
0	
1	
3	
0	
1	
0	
1	
1	
1	
3	
5	
1	
1	
0	
4	
3	
1	
1	
0	
1	
2	
2	
1	
1	
1	
1	
0	
0	
2	
1	
1	
1	
2	
3	
1	
2	
3	
0	
3	
3	
2	
1	
0	
0	
2	
0	
2	
0	
0	
0	
0	
1	
4	
0	
1	
2	
0	
0	
0	
2	
3	
1	
1	
4	
1	
1	
2	
2	
2	
0	
2	
1	
1	
1	
1	
1	
1	
0	
1	
0	
3	
1	
3	
2	
1	
0	
0	
0	
4	
2	
1	
0	
1	
0	
0	
0	
1	
1	
1	
0	
2	
1	
1	
1	
0	
4	
1	
1	
1	
0	
0	
0	
0	
2	
4	
2	
1	
1	
1	
1	
0	
1	
1	
0	
1	
2	
2	
1	
1	
1	
0	
1	
2	
2	
2	
0	
1	
4	
2	
3	
2	
0	
0	
1	
2	
2	
0	
2	
1	
1	
0	
0	
4	
1	
1	
2	
2	
5	
2	
1	
1	
1	
2	
2	
0	
1	
2	
1	
3	
1	
1	
0	
1	
3	
0	
3	
0	
1	
1	
0	
0	
0	
2	
0	
1	
1	
0	
0	
0	
1	
0	
1	
0	
0	
0	
1	
0	
1	
1	
1	
1	
1	
2	
3	
1	
1	
0	
2	
2	
1	
1	
0	
0	
1	
0	
1	
1	
2	
2	
1	
0	
0	
1	
1	
0	
3	
0	
1	
1	
2	
0	
1	
0	
1	
0	
2	
0	
0	
0	
0	
1	
0	
0	
1	
0	
0	
0	
1	
0	
0	
0	
1	
1	
0	
0	
0	
2	
1	
2	
0	
0	
0	
1	
0	
2	
1	
0	
0	
0	
1	
0	
0	
0	
0	
2	
1	
1	
1	
2	
1	
0	
1	
0	
0	
1	
0	
1	
2	
0	
1	
1	
0	
3	
1	
2	
0	
0	
1	
0	
0	
2	
1	
0	
1	
0	
0	
1	
0	
0	
1	
0	
0	
0	
0	
3	
2	
0	
0	
2	
0	
1	
0	
0	
0	
0	
0	
1	
0	
0	
2	
1	
0	
0	
1	
1	
1	
0	
0	
1	
0	
1	
1	
0	
1	
1	
1	
0	
1	
0	
0	
1	
3	
1	
0	
0	
3	
0	
0	
0	
0	
0	
0	
0	
0	
0	
0	
2	
0	
0	
1	
0	
0	
1	
0	
1	
1	
0	
0	
0	
0	
1	
1	
0	
0	
0	
2	
0	
1	
2	
0	
1	
1	
0	
0	
0	
1	
0	
0	
0	
1	
0	
1	
1	
0	
0	
0	
0	
0	
0	
0	
2	
1	
0	
0	
0	
0	
0	
0	
0	
0	
1	
0	
0	
1	
0	
0	
1	
0	
0	
0	
0	
1	
0	
1	
1	
0	
0	
1	
0	
1	
0	
1	
0	
0	
1	
0	
1	
0	
1	
0	
1	
0	
2	
0	
0	
1	
0	
0	
1	
1	
1	
2	
0	
0	
1	
0	
0	
0	
0	
1	
0	
0	
0	
0	
0	
0	
0	
1	
0	
0	
0	
0	
0	
0	
1	
0	
0	
0	
1	
0	
0	
0	
0	
0	
0	
0	
1	
0	
0	
1	
0	
0	
0	
0	
0	
0	
0	
0	
0	
0	
0	
0	
0	
0	
0	
0	
0	
0	
0	
0	
0	
0	
0	
0	
0	
0	
0	
1	
0	
2	
0	
0	
0	
0	
0	
1	
0	
1	
0	
0	
0	
0	
0	
1	
0	
1	
0	
1	
1	
0	
0	
0	
0	
0	
0	
0	
0	
0	
0	
1	
0	
0	
0	
0	
0	
0	
0	
0	
0	
0	
1	
0	
0	
1	
0	
0	
0	
0	
0	
0	
2	
0	
0	
0	
0	
0	
0	
0	
0	
0	
0	
0	
1	
0	
1	
0	
0	
0	
0	
0	
0	
0	
0	
0	
0	
0	
0	
0	
1	
0	
0	
0	
0	
0	
1	
0	
0	
0	
0	
1	
0	
0	
0	
0	
0	
0	
0	
1	
0	
0	
0	
0	
1	
0	
0	
0	
1	
0	
0	
0	
0	
0	
0	
0	
0	
1	
0	
0	
0	
0	
0	
0	
0	
0	
0	
0	
0	
1	
0	
1	
0	
0	
0	
0	
0	
0	
0	
0	
0	
0	
0	
0	
0	
0	
0	
0	
0	
0	
0	
1	
0	
1	
1	
0	
0	
0	
0	
0	
0	
0	
1	
0	
0	
0	
0	
0	
0	
0	
0	
0	
0	
0	
0	
0	
0	
0	
0	
0	
0	
0	
0	
0	
0	
0	
1	
0	
0	
0	
0	
0	
0	
0	
0	
0	
0	
0	
0	
0	
0	
0	
0	
0	
0	
1	
0	
0	
0	
0	
0	
0	
2	
0	
0	
0	
0	
0	
0	
0	
1	
0	
0	
0	
0	
0	
0	
0	
1	
0	
0	
0	
0	
0	
0	
1	
0	
0	
1	
0	
0	
0	
0	
0	
0	
0	
0	
1	
0	
0	
0	
0	
0	
0	
0	
0	
1	
0	
0	
0	
0	
1	
0	
0	
0	
0	
0	
0	
0	
0	
1	
1	
0	
1	
0	
1	
1	
0	
0	
0	
0	
1	
0	
0	
1	
0	
0	
0	
0	
0	
0	
0	
0	
0	
1	
0	
0	
0	
0	
0	
0	
0	
0	
0	
0	
1	
0	
0	
0	
0	
0	
0	
0	
0	
0	
0	
0	
0	
0	
0	
0	
0	
0	
0	
1	
0	
0	
0	
0	
0	
0	
0	
0	
0	
1	
1	
0	
0	
0	
0	
0	
1	
0	
0	
0	
0	
0	
0	
0	
0	
0	
0	
0	
0	
0	
0	
1	
0	
0	
0	
0	
0	
0	
0	
0	
0	
1	
0	
0	
0	
0	
0	
0	
1	
0	
0	
0	
0	
0	
1	
0	
0	
0	
0	
0	
0	
0	
0	
0	
1	
0	
0	
0	
0	
0	
0	
0	
0	
0	
0	
0	
0	
0	
0	
0	
0	
0	
0	
0	
0	
0	
0	
0	
0	
0	
0	
0	
0	
0	
0	
0	
0	
0	
0	
0	
0	
0	
0	
0	
0	
0	
0	
0	
0	
0	
0	
0	
0	
0	
0	
0	
1	
0	
0	
1	
0	
0	
0	
0	
0	
0	
0	
1	
0	
0	
0	
0	
0	
0	
0	
0	
0	
0	
0	
0	
0	
0	
1	
0	
0	
0	
0	
0	
0	
0	
0	
0	
0	
0	
0	
0	
0	
0	
0	
0	
0	
0	
0	
0	
0	
0	
0	
0	
0	
1	
0	
0	
0	
0	
0	
0	
0	
0	
0	
0	
0	
0	
0	
0	
0	
1	
0	
0	
0	
0	
0	
0	
0	
0	
0	
0	
0	
0	
0	
0	
0	
0	
0	
0	
0	
0	
0	
0	
0	
0	
0	
0	
0	
1	
0	
0	
0	
0	
0	
1	
0	
0	
0	
0	
1	
0	
0	
0	
0	
1	
0	
0	
0	
0	
0	
0	
0	
0	
0	
0	
0	
0	
0	
0	
1	
0	
0	
0	
0	
0	
0	
0	
0	
0	
0	
0	
0	
0	
0	
1	
0	
1	
0	
0	
0	
0	
0	
0	
0	
1	
0	
0	
0	
0	
0	
0	
0	
0	
0	
0	
1	
0	
0	
0	
0	
0	
0	
0	
1	
0	
0	
1	
0	
0	
0	
0	
0	
0	
0	
1	
0	
0	
0	
0	
0	
0	
0	
0	
0	
0	
0	
0	
0	
0	
0	
0	
0	
0	
1	
0	
0	
0	
0	
0	
0	
0	
0	
0	
1	
0	
1	
0	
0	
0	
0	
0	
1	
0	
0	
0	
0	
0	
0	
0	
0	
0	
0	
1	
0	
0	
0	
0	
0	
0	
0	
0	
0	
0	
0	
0	
0	
0	
0	
0	
0	
0	
0	
0	
0	
0	
0	
0	
0	
0	
0	
0	
0	
0	
0	
0	
0	
0	
0	
0	
0	
0	
0	
0	
0	
0	
0	
0	
0	
0	
0	
0	
0	
0	
0	
0	
0	
0	
0	
1	
0	
0	
0	
0	
0	
0	
0	
0	
0	
0	
0	
0	
1	
0	
0	
1	
0	
0	
0	
0	
0	
0	
0	
0	
0	
0	
0	
0	
0	
0	
0	
0	
0	
0	
0	
0	
0	
0	
0	
0	
0	
0	
0	
0	
1	
0	
0	
0	
0	
0	
0	
0	
0	
0	
0	
0	
0	
0	
0	
0	
0	
0	
0	
0	
0	
0	
0	
0	
0	
0	
0	
0	
0	
0	
0	
1	
0	
0	
0	
0	
0	
0	
0	
0	
0	
0	
0	
0	
0	
0	
0	
0	
1	
0	
0	
0	
0	
0	
0	
0	
0	
0	
0	
0	
0	
0	
0	
0	
0	
0	
1	
0	
0	
0	
0	
0	
0	
0	
1	
0	
0	
0	
0	
0	
0	
0	
0	
0	
0	
0	
0	
0	
0	
0	
0	
0	
0	
0	
0	
1	
0	
0	
0	
0	
0	
0	
0	
0	
0	
0	
0	
0	
0	
1	
0	
1	
0	
0	
0	
0	
0	
0	
0	
0	
0	
0	
0	
0	
0	
0	
0	
0	
0	
0	
1	
0	
0	
0	
0	
0	
0	
0	
0	
0	
0	
0	
0	
0	
0	
0	
0	
0	
0	
0	
0	
0	
0	
0	
0	
0	
0	
0	
0	
0	
0	
0	
0	
0	
2	
0	
0	
0	
1	
0	
1	
0	
0	
0	
0	
0	
1	
0	
1	
0	
0	
0	
0	
0	
0	
0	
0	
1	
1	
0	
0	
0	
0	
0	
0	
0	
0	
0	
0	
0	
0	
0	
0	
0	
0	
0	
0	
0	
0	
0	
0	
0	
0	
0	
0	
0	
0	
0	
0	
0	
0	
0	
0	
0	
0	
1	
0	
0	
0	
1	
0	
0	
0	
0	
0	
0	
1	
0	
0	
1	
0	
0	
0	
1	
0	
0	
0	
0	
0	
0	
0	
0	
0	
1	
0	
0	
0	
0	
1	
0	
0	
0	
0	
0	
0	
0	
0	
0	
1	
0	
0	
0	
0	
0	
0	
0	
0	
0	
0	
0	
0	
0	
1	
0	
1	
0	
0	
0	
0	
0	
0	
0	
0	
0	
0	
0	
0	
0	
0	
0	
0	
0	
1	
0	
0	
0	
0	
0	
0	
0	
0	
0	
1	
0	
0	
0	
0	
0	
0	
0	
0	
0	
0	
1	
0	
0	
0	
0	
0	
0	
0	
0	
0	
0	
0	
0	
1	
1	
0	
0	
0	
0	
0	
1	
0	
0	
0	
0	
0	
0	
0	
0	
0	
0	
0	
0	
0	
1	
0	
1	
0	
0	
0	
0	
0	
0	
0	
1	
0	
0	
0	
0	
0	
0	
0	
1	
0	
0	
0	
0	
0	
0	
0	
0	
0	
0	
0	
0	
0	
0	
0	
0	
0	
0	
0	
0	
0	
1	
0	
0	
0	
0	
1	
0	
0	
0	
0	
0	
0	
0	
0	
0	
0	
1	
0	
0	
0	
0	
0	
0	
0	
0	
0	
0	
0	
1	
0	
0	
0	
0	
0	
0	
1	
0	
0	
0	
0	
0	
0	
0	
0	
1	
2	
0	
1	
0	
0	
0	
0	
1	
0	
0	
0	
0	
0	
0	
0	
0	
0	
0	
0	
0	
0	
0	
0	
0	
0	
0	
0	
0	
0	
0	
0	
0	
1	
0	
0	
0	
0	
0	
0	
0	
0	
0	
0	
0	
0	
0	
0	
0	
1	
0	
1	
0	
0	
0	
0	
0	
0	
1	
0	
1	
0	
0	
0	
1	
0	
0	
0	
0	
0	
0	
0	
0	
0	
1	
0	
0	
0	
0	
0	
0	
0	
0	
1	
0	
0	
0	
0	
0	
0	
0	
1	
0	
1	
0	
0	
0	
0	
1	
0	
1	
0	
0	
0	
0	
0	
0	
1	
0	
0	
0	
0	
0	
3	
0	
0	
0	
0	
1	
0	
0	
0	
0	
1	
0	
0	
0	
0	
0	
0	
0	
0	
0	
0	
0	
1	
0	
0	
0	
0	
0	
0	
0	
0	
0	
0	
0	
0	
0	
0	
0	
0	
0	
0	
0	
0	
0	
0	
0	
1	
1	
0	
0	
0	
1	
0	
0	
0	
0	
0	
0	
0	
0	
1	
0	
2	
0	
1	
0	
0	
0	
0	
0	
0	
0	
0	
0	
0	
0	
0	
0	
0	
0	
0	
1	
0	
0	
0	
0	
1	
2	
0	
0	
0	
0	
1	
0	
0	
0	
0	
0	
0	
0	
0	
0	
0	
0	
1	
0	
0	
0	
0	
0	
0	
0	
0	
1	
0	
0	
1	
1	
0	
1	
0	
0	
0	
0	
0	
0	
0	
0	
0	
0	
0	
0	
0	
1	
0	
0	
0	
0	
0	
0	
0	
0	
0	
0	
0	
0	
0	
1	
0	
0	
0	
0	
1	
0	
0	
2	
0	
0	
0	
0	
0	
0	
0	
0	
0	
0	
0	
1	
0	
1	
0	
0	
0	
0	
0	
1	
0	
0	
0	
0	
0	
1	
0	
1	
0	
0	
0	
0	
0	
0	
0	
1	
0	
0	
0	
1	
0	
0	
0	
0	
0	
1	
1	
0	
0	
1	
1	
1	
0	
0	
0	
0	
0	
0	
1	
1	
0	
0	
0	
1	
0	
0	
0	
1	
0	
0	
0	
0	
1	
0	
0	
1	
0	
0	
1	
1	
0	
1	
0	
0	
0	
0	
0	
0	
1	
0	
0	
0	
1	
1	
0	
1	
0	
0	
1	
0	
0	
0	
0	
0	
1	
0	
0	
1	
2	
0	
0	
0	
0	
1	
0	
0	
0	
0	
0	
0	
0	
0	
0	
0	
0	
0	
0	
0	
0	
0	
0	
0	
0	
0	
0	
0	
0	
0	
0	
0	
0	
0	
1	
0	
0	
0	
1	
0	
0	
0	
1	
0	
0	
0	
0	
0	
1	
0	
0	
0	
2	
0	
0	
0	
0	
1	
0	
1	
0	
0	
0	
0	
0	
0	
0	
1	
0	
1	
0	
0	
0	
0	
2	
1	
1	
0	
0	
0	
0	
0	
0	
0	
0	
0	
0	
0	
1	
0	
0	
0	
0	
0	
1	
0	
1	
0	
0	
1	
0	
0	
0	
1	
0	
1	
0	
0	
1	
0	
0	
0	
0	
0	
0	
1	
0	
1	
0	
0	
0	
0	
0	
0	
0	
1	
0	
0	
0	
0	
0	
1	
0	
1	
0	
0	
0	
0	
1	
0	
0	
0	
0	
0	
1	
0	
0	
0	
0	
0	
1	
0	
0	
0	
0	
0	
0	
0	
0	
0	
0	
0	
0	
1	
0	
0	
0	
0	
0	
1	
1	
2	
0	
1	
0	
1	
0	
0	
0	
0	
2	
0	
1	
1	
0	
0	
0	
0	
1	
1	
1	
0	
0	
0	
1	
0	
0	
0	
0	
0	
0	
0	
0	
1	
1	
0	
0	
0	
0	
1	
