#PicoHarp 300  Histogram Data			15/12/2022 04:35:56 PM
#channels per curve
6250
#display curve no.
0	
#memory block no.
0	
#ns/channel
0.0160	
#counts
0	
0	
0	
0	
0	
0	
0	
0	
0	
0	
1	
0	
0	
0	
0	
0	
0	
1	
0	
0	
0	
0	
0	
0	
0	
0	
0	
0	
0	
0	
0	
0	
0	
0	
0	
0	
0	
0	
0	
0	
0	
0	
0	
0	
0	
0	
0	
0	
0	
0	
0	
0	
0	
0	
0	
0	
0	
0	
0	
0	
0	
0	
0	
0	
0	
0	
0	
0	
0	
0	
0	
0	
0	
0	
0	
0	
0	
0	
0	
0	
0	
1	
0	
0	
0	
0	
0	
0	
0	
0	
0	
0	
0	
0	
0	
0	
0	
0	
0	
0	
0	
0	
1	
0	
0	
0	
0	
0	
0	
0	
0	
0	
0	
0	
0	
0	
0	
0	
0	
0	
0	
0	
0	
0	
0	
0	
1	
0	
0	
0	
0	
0	
0	
0	
0	
0	
0	
0	
0	
0	
0	
0	
0	
0	
0	
0	
0	
0	
0	
0	
0	
0	
0	
0	
0	
0	
0	
0	
0	
0	
0	
0	
0	
0	
0	
0	
0	
0	
0	
0	
0	
0	
0	
0	
0	
0	
0	
0	
0	
0	
1	
0	
0	
0	
0	
0	
0	
0	
0	
0	
0	
0	
0	
0	
0	
0	
0	
0	
0	
0	
0	
0	
0	
0	
0	
0	
0	
0	
0	
0	
0	
0	
0	
0	
0	
0	
0	
0	
0	
0	
0	
0	
0	
0	
0	
0	
0	
0	
0	
0	
0	
0	
0	
0	
0	
0	
0	
0	
0	
0	
0	
0	
0	
1	
0	
0	
0	
0	
0	
0	
0	
0	
0	
0	
0	
0	
0	
0	
0	
0	
1	
1	
0	
0	
0	
0	
0	
0	
0	
0	
0	
0	
0	
0	
0	
0	
1	
0	
0	
0	
0	
0	
0	
0	
0	
0	
0	
0	
0	
0	
0	
0	
0	
0	
0	
0	
0	
0	
0	
0	
0	
0	
0	
0	
0	
1	
0	
0	
0	
0	
0	
0	
0	
0	
0	
0	
0	
0	
1	
0	
0	
0	
0	
0	
0	
0	
0	
0	
0	
0	
0	
0	
0	
0	
0	
1	
0	
0	
0	
0	
0	
0	
0	
0	
0	
0	
0	
0	
0	
0	
0	
0	
0	
0	
0	
0	
0	
0	
0	
0	
0	
0	
0	
0	
0	
0	
0	
0	
0	
0	
0	
0	
0	
0	
0	
0	
0	
0	
0	
0	
0	
0	
0	
0	
0	
0	
0	
0	
0	
1	
0	
0	
0	
0	
0	
0	
0	
0	
0	
0	
0	
0	
0	
0	
0	
0	
0	
0	
0	
0	
0	
0	
0	
0	
0	
0	
1	
0	
0	
0	
0	
0	
0	
0	
0	
0	
0	
0	
0	
0	
0	
0	
0	
0	
0	
0	
0	
1	
0	
0	
1	
0	
0	
0	
0	
0	
0	
0	
0	
0	
0	
0	
0	
0	
0	
0	
0	
0	
1	
0	
0	
0	
0	
0	
0	
0	
0	
0	
0	
0	
0	
0	
0	
0	
0	
0	
0	
0	
0	
0	
0	
0	
0	
0	
0	
0	
0	
0	
0	
0	
0	
0	
0	
0	
0	
0	
0	
1	
0	
0	
0	
0	
0	
0	
0	
0	
0	
0	
0	
0	
0	
0	
0	
0	
0	
0	
0	
0	
1	
0	
0	
0	
0	
0	
0	
0	
0	
0	
0	
0	
0	
0	
0	
0	
0	
0	
0	
0	
0	
0	
2	
0	
0	
0	
0	
1	
0	
0	
0	
0	
0	
1	
0	
0	
0	
0	
0	
0	
0	
0	
1	
0	
0	
0	
0	
0	
0	
0	
0	
0	
0	
0	
0	
0	
0	
0	
1	
0	
0	
0	
0	
0	
0	
0	
0	
0	
0	
0	
0	
0	
0	
0	
0	
0	
0	
1	
0	
0	
0	
0	
0	
0	
0	
0	
0	
0	
0	
0	
0	
0	
0	
0	
0	
0	
0	
0	
0	
0	
0	
0	
0	
0	
0	
0	
0	
0	
0	
0	
0	
0	
0	
0	
0	
0	
0	
1	
0	
0	
0	
0	
0	
0	
0	
0	
0	
0	
0	
0	
0	
0	
0	
0	
0	
0	
0	
0	
0	
0	
0	
1	
0	
0	
0	
0	
2	
0	
0	
1	
0	
0	
1	
0	
0	
1	
0	
0	
0	
0	
0	
0	
0	
1	
0	
0	
1	
0	
0	
0	
1	
0	
0	
0	
0	
0	
0	
0	
0	
0	
1	
0	
0	
0	
0	
0	
0	
0	
0	
0	
0	
0	
0	
0	
0	
0	
0	
1	
0	
0	
0	
0	
0	
0	
0	
0	
0	
0	
0	
0	
0	
0	
0	
0	
0	
0	
1	
0	
0	
0	
0	
0	
0	
0	
0	
0	
0	
0	
0	
0	
0	
0	
0	
0	
0	
0	
0	
0	
0	
1	
0	
0	
0	
0	
0	
0	
0	
0	
0	
0	
0	
0	
0	
0	
0	
0	
0	
0	
0	
0	
0	
0	
0	
0	
0	
0	
0	
1	
0	
0	
0	
0	
0	
0	
0	
0	
0	
0	
0	
0	
0	
0	
0	
1	
0	
0	
0	
0	
0	
1	
0	
0	
0	
0	
0	
0	
0	
0	
0	
0	
0	
0	
0	
0	
0	
0	
0	
0	
0	
0	
0	
0	
0	
0	
0	
2	
4	
35	
127	
315	
764	
1507	
2694	
4347	
6461	
7826	
8746	
9203	
9363	
9702	
9777	
9986	
9946	
9908	
9950	
10000	
9950	
9819	
9866	
9914	
9830	
9917	
9760	
9810	
9792	
9923	
9778	
9839	
9825	
9854	
9764	
9715	
9831	
9851	
9798	
9462	
9810	
9726	
9669	
9369	
9585	
9587	
9427	
9399	
9442	
9472	
9364	
9252	
9358	
9479	
9338	
9379	
9191	
9186	
9173	
9000	
9209	
9161	
9130	
9106	
8900	
8958	
8839	
8808	
8976	
8806	
8889	
8867	
8856	
8822	
8774	
8442	
8631	
8593	
8591	
8380	
8487	
8446	
8502	
8325	
8233	
8397	
8416	
8087	
8192	
8236	
8153	
8395	
7994	
7991	
8115	
8105	
8030	
7983	
7855	
8015	
7901	
7994	
7732	
7778	
7972	
7774	
7785	
7555	
7826	
7709	
7660	
7627	
7714	
7449	
7614	
7483	
7553	
7474	
7519	
7499	
7290	
7386	
7137	
7155	
7346	
7321	
7343	
7235	
7225	
7069	
7164	
7271	
7017	
7158	
7074	
7012	
7039	
6952	
6924	
6866	
7129	
6950	
6899	
6781	
6845	
6745	
6798	
6851	
6656	
6557	
6520	
6652	
6683	
6612	
6670	
6557	
6541	
6500	
6559	
6531	
6428	
6497	
6314	
6389	
6363	
6294	
6350	
6336	
6212	
6100	
6235	
6110	
6304	
6182	
6138	
6115	
6150	
6174	
6118	
6116	
5949	
6012	
5946	
5974	
6064	
5849	
5718	
5948	
5841	
5906	
5916	
5734	
5698	
5847	
5806	
5687	
5634	
5648	
5630	
5777	
5534	
5763	
5707	
5526	
5530	
5445	
5536	
5523	
5385	
5448	
5573	
5317	
5459	
5409	
5248	
5352	
5257	
5278	
5240	
5286	
5292	
5118	
5257	
5139	
5214	
5162	
5111	
4998	
5053	
4991	
5055	
5035	
5026	
5019	
4903	
5017	
5024	
5021	
4975	
4972	
4865	
4907	
4786	
4728	
4902	
4693	
4853	
4702	
4851	
4834	
4710	
4622	
4572	
4753	
4625	
4627	
4665	
4462	
4693	
4531	
4624	
4552	
4544	
4559	
4410	
4477	
4508	
4437	
4422	
4502	
4458	
4353	
4559	
4296	
4294	
4332	
4329	
4423	
4290	
4261	
4269	
4203	
4170	
4257	
4259	
4146	
4233	
4235	
4122	
4051	
4101	
4109	
4000	
4125	
4029	
4172	
3975	
3980	
4022	
3924	
3990	
3807	
4053	
3847	
4073	
3939	
3894	
3831	
3852	
3851	
3772	
3878	
3853	
3721	
3791	
3842	
3853	
3681	
3672	
3801	
3758	
3769	
3663	
3647	
3708	
3720	
3539	
3569	
3720	
3517	
3635	
3521	
3431	
3538	
3539	
3562	
3528	
3479	
3531	
3490	
3463	
3469	
3479	
3479	
3517	
3364	
3345	
3437	
3478	
3335	
3285	
3235	
3318	
3308	
3197	
3320	
3179	
3244	
3257	
3177	
3269	
3215	
3206	
3114	
3185	
3231	
3185	
3209	
3145	
3184	
3211	
3043	
3017	
3155	
3184	
3106	
3008	
3063	
3042	
3002	
2988	
3124	
3058	
2990	
3082	
2965	
3067	
2980	
2980	
2889	
3009	
2975	
2944	
2938	
2902	
2837	
2888	
2828	
2808	
2785	
2771	
2797	
2791	
2660	
2743	
2779	
2867	
2724	
2640	
2689	
2654	
2699	
2596	
2678	
2733	
2695	
2639	
2586	
2656	
2634	
2625	
2540	
2586	
2599	
2669	
2609	
2530	
2589	
2669	
2552	
2608	
2521	
2517	
2436	
2512	
2496	
2481	
2426	
2492	
2534	
2472	
2422	
2428	
2370	
2509	
2501	
2398	
2409	
2431	
2404	
2382	
2273	
2318	
2307	
2358	
2327	
2285	
2339	
2350	
2293	
2202	
2252	
2286	
2359	
2243	
2209	
2247	
2239	
2261	
2248	
2201	
2286	
2205	
2183	
2197	
2122	
2118	
2152	
2092	
2181	
2147	
2137	
2054	
2104	
2125	
2090	
2117	
2101	
2080	
2088	
2083	
2044	
2005	
1992	
2075	
2091	
1928	
2037	
1964	
1993	
2065	
1968	
2033	
1958	
1983	
2013	
2034	
1940	
1881	
1894	
1950	
1926	
1947	
1950	
1902	
1867	
1906	
1877	
1824	
1918	
1831	
1796	
1929	
1832	
1862	
1858	
1866	
1756	
1889	
1750	
1858	
1814	
1785	
1835	
1792	
1814	
1742	
1782	
1693	
1770	
1721	
1758	
1784	
1707	
1707	
1679	
1819	
1611	
1709	
1639	
1658	
1694	
1646	
1605	
1608	
1681	
1681	
1628	
1647	
1657	
1593	
1600	
1570	
1621	
1612	
1553	
1556	
1544	
1554	
1596	
1632	
1559	
1584	
1547	
1478	
1554	
1497	
1519	
1537	
1559	
1522	
1524	
1463	
1553	
1526	
1483	
1451	
1473	
1469	
1497	
1472	
1499	
1471	
1390	
1448	
1497	
1442	
1437	
1411	
1426	
1380	
1421	
1455	
1381	
1401	
1341	
1410	
1327	
1429	
1445	
1438	
1437	
1432	
1380	
1335	
1353	
1307	
1311	
1361	
1278	
1320	
1316	
1300	
1461	
1236	
1255	
1305	
1257	
1296	
1323	
1267	
1224	
1303	
1310	
1228	
1303	
1212	
1307	
1269	
1245	
1232	
1270	
1227	
1249	
1265	
1241	
1195	
1211	
1169	
1200	
1198	
1180	
1161	
1214	
1157	
1145	
1086	
1150	
1137	
1133	
1133	
1088	
1225	
1157	
1104	
1202	
1119	
1115	
1097	
1123	
1088	
1125	
1091	
1078	
1136	
1125	
1051	
1094	
1077	
1080	
1049	
1047	
1032	
1096	
1024	
1066	
1075	
1048	
1079	
1116	
1064	
1067	
1021	
1050	
1044	
1060	
1003	
1061	
1067	
1014	
970	
1033	
982	
1008	
1002	
931	
972	
999	
938	
913	
972	
972	
960	
917	
945	
958	
959	
952	
905	
942	
932	
940	
946	
919	
974	
932	
910	
875	
915	
914	
851	
929	
927	
910	
915	
919	
912	
884	
877	
862	
906	
905	
881	
822	
861	
834	
885	
862	
889	
839	
824	
833	
830	
835	
838	
804	
874	
728	
805	
805	
830	
850	
839	
824	
751	
816	
847	
771	
826	
810	
825	
761	
767	
756	
802	
808	
800	
764	
763	
746	
760	
775	
758	
734	
781	
740	
778	
759	
730	
730	
751	
717	
717	
756	
780	
770	
702	
717	
676	
689	
698	
737	
732	
712	
676	
685	
648	
715	
712	
692	
672	
681	
647	
704	
686	
684	
663	
671	
641	
683	
628	
649	
672	
657	
653	
672	
689	
633	
670	
650	
635	
648	
641	
620	
636	
669	
608	
613	
615	
669	
592	
632	
558	
626	
568	
576	
594	
603	
619	
619	
620	
619	
584	
582	
643	
600	
556	
582	
615	
558	
552	
571	
548	
574	
601	
594	
573	
533	
536	
539	
564	
572	
570	
575	
537	
563	
563	
567	
549	
490	
528	
523	
526	
571	
547	
516	
537	
559	
530	
518	
511	
541	
509	
501	
524	
501	
516	
502	
486	
507	
531	
505	
494	
499	
503	
498	
508	
551	
491	
469	
470	
492	
466	
508	
493	
476	
469	
450	
452	
464	
498	
459	
484	
446	
465	
491	
473	
438	
475	
456	
446	
441	
464	
454	
423	
498	
451	
440	
453	
438	
448	
481	
406	
412	
441	
460	
452	
415	
441	
422	
455	
445	
429	
432	
433	
423	
398	
430	
387	
405	
440	
436	
398	
400	
394	
381	
386	
403	
407	
395	
410	
400	
435	
399	
364	
443	
364	
428	
364	
382	
409	
371	
365	
389	
385	
408	
407	
353	
398	
336	
361	
382	
363	
396	
387	
368	
392	
388	
369	
332	
372	
338	
382	
344	
363	
322	
358	
351	
357	
320	
371	
340	
355	
344	
313	
360	
334	
304	
343	
354	
328	
335	
313	
344	
334	
327	
319	
307	
370	
316	
327	
317	
353	
312	
324	
321	
341	
372	
308	
325	
306	
303	
316	
319	
314	
314	
320	
283	
299	
295	
328	
300	
299	
320	
319	
295	
300	
274	
269	
298	
347	
287	
310	
284	
284	
292	
286	
278	
279	
276	
300	
281	
263	
300	
285	
282	
247	
298	
288	
276	
252	
264	
280	
250	
274	
258	
241	
257	
287	
233	
264	
233	
264	
275	
259	
269	
237	
256	
237	
268	
273	
262	
259	
262	
250	
235	
271	
224	
201	
265	
243	
240	
256	
239	
241	
228	
252	
241	
248	
250	
248	
243	
227	
240	
225	
244	
229	
236	
221	
230	
214	
206	
219	
176	
227	
234	
236	
244	
220	
227	
213	
234	
238	
250	
253	
222	
182	
200	
217	
194	
228	
203	
231	
187	
214	
195	
224	
207	
192	
194	
201	
217	
211	
200	
203	
193	
199	
197	
209	
195	
219	
197	
201	
212	
205	
183	
208	
194	
197	
176	
209	
188	
182	
186	
201	
196	
202	
220	
211	
194	
171	
192	
188	
186	
181	
210	
164	
190	
169	
176	
181	
181	
163	
158	
178	
167	
180	
164	
190	
178	
173	
175	
182	
176	
178	
159	
177	
167	
182	
159	
181	
146	
168	
152	
164	
147	
163	
177	
150	
155	
175	
161	
160	
175	
170	
147	
160	
154	
172	
157	
168	
183	
146	
130	
161	
187	
157	
154	
135	
166	
168	
147	
133	
154	
150	
157	
168	
166	
155	
154	
143	
153	
145	
156	
147	
154	
141	
151	
146	
134	
125	
136	
137	
123	
135	
136	
140	
159	
140	
134	
146	
110	
138	
135	
144	
129	
118	
130	
152	
132	
150	
126	
154	
125	
128	
124	
146	
143	
139	
133	
127	
119	
137	
132	
158	
125	
151	
120	
111	
122	
86	
121	
115	
128	
135	
131	
123	
141	
122	
119	
139	
124	
128	
121	
127	
106	
117	
104	
124	
119	
121	
120	
110	
117	
120	
128	
139	
122	
107	
115	
103	
108	
148	
130	
87	
108	
90	
123	
113	
106	
107	
117	
111	
101	
122	
117	
113	
87	
103	
114	
133	
121	
94	
99	
98	
111	
109	
88	
126	
95	
84	
103	
113	
102	
98	
100	
106	
107	
85	
97	
105	
86	
107	
95	
94	
112	
81	
111	
90	
86	
92	
105	
106	
98	
91	
95	
78	
88	
76	
101	
97	
98	
94	
99	
77	
103	
92	
110	
93	
113	
76	
92	
83	
103	
80	
81	
103	
94	
77	
92	
84	
84	
84	
100	
83	
98	
89	
83	
84	
92	
82	
67	
90	
87	
75	
76	
77	
89	
75	
79	
80	
81	
73	
79	
72	
83	
77	
74	
83	
63	
69	
75	
74	
82	
64	
81	
65	
75	
59	
68	
73	
101	
80	
63	
87	
73	
67	
70	
64	
72	
77	
68	
77	
67	
74	
73	
80	
59	
71	
66	
84	
80	
67	
64	
77	
45	
74	
73	
80	
71	
54	
64	
56	
73	
75	
68	
60	
63	
59	
84	
49	
61	
71	
73	
66	
78	
61	
68	
70	
64	
49	
58	
59	
78	
61	
64	
48	
55	
60	
62	
45	
67	
57	
59	
73	
59	
64	
51	
55	
61	
53	
61	
53	
64	
58	
52	
62	
55	
46	
63	
53	
60	
76	
52	
62	
52	
57	
64	
55	
49	
52	
39	
50	
54	
50	
53	
57	
35	
41	
47	
60	
52	
42	
49	
47	
52	
54	
48	
46	
51	
40	
38	
60	
52	
48	
46	
44	
44	
52	
55	
35	
44	
66	
38	
46	
50	
43	
48	
54	
56	
56	
35	
32	
46	
49	
43	
63	
53	
43	
42	
58	
46	
54	
47	
37	
43	
44	
55	
52	
47	
35	
58	
40	
39	
50	
46	
45	
39	
37	
39	
48	
25	
32	
53	
46	
42	
40	
45	
38	
38	
49	
42	
43	
50	
40	
43	
41	
36	
29	
41	
45	
35	
29	
38	
47	
34	
47	
46	
44	
38	
45	
25	
42	
54	
41	
34	
43	
32	
45	
37	
25	
41	
33	
36	
39	
38	
28	
31	
43	
45	
33	
29	
43	
38	
43	
40	
34	
41	
27	
30	
38	
31	
28	
33	
25	
36	
45	
39	
37	
46	
36	
31	
24	
22	
28	
27	
43	
46	
31	
33	
31	
23	
25	
27	
42	
30	
31	
39	
36	
27	
35	
21	
38	
28	
31	
30	
25	
24	
28	
42	
28	
19	
27	
17	
24	
24	
38	
24	
26	
34	
31	
41	
31	
28	
33	
38	
31	
37	
42	
26	
22	
25	
28	
19	
20	
36	
31	
28	
34	
25	
31	
31	
30	
35	
25	
26	
23	
28	
29	
25	
28	
25	
25	
31	
25	
25	
24	
26	
21	
32	
33	
17	
20	
22	
26	
32	
22	
32	
32	
31	
29	
21	
29	
15	
18	
19	
31	
24	
19	
31	
26	
30	
19	
25	
20	
19	
22	
20	
21	
32	
19	
20	
24	
16	
24	
19	
24	
22	
20	
22	
25	
26	
24	
14	
14	
28	
22	
26	
20	
22	
25	
25	
20	
24	
19	
26	
28	
26	
22	
13	
28	
22	
21	
24	
22	
26	
19	
18	
15	
26	
21	
23	
11	
16	
25	
27	
19	
17	
19	
22	
14	
19	
16	
22	
11	
17	
9	
23	
18	
13	
15	
12	
17	
18	
20	
21	
16	
18	
15	
21	
16	
16	
23	
26	
17	
28	
15	
20	
13	
15	
15	
22	
15	
17	
16	
18	
17	
14	
13	
21	
15	
21	
13	
16	
11	
16	
15	
23	
17	
14	
14	
19	
11	
15	
17	
16	
17	
20	
19	
15	
10	
22	
20	
14	
12	
22	
15	
10	
20	
16	
13	
24	
11	
20	
9	
13	
13	
11	
13	
9	
13	
18	
14	
16	
17	
17	
16	
12	
20	
8	
15	
11	
10	
18	
18	
8	
14	
6	
16	
14	
16	
16	
8	
16	
17	
12	
11	
14	
14	
16	
12	
17	
15	
16	
14	
15	
10	
13	
6	
15	
12	
8	
17	
10	
7	
13	
12	
11	
13	
5	
12	
11	
8	
14	
11	
11	
13	
8	
17	
17	
8	
9	
8	
7	
13	
12	
17	
17	
9	
9	
13	
12	
15	
13	
10	
11	
9	
12	
15	
9	
15	
11	
8	
7	
18	
9	
15	
14	
12	
10	
8	
12	
10	
21	
13	
13	
8	
14	
6	
7	
12	
11	
8	
10	
10	
10	
10	
11	
13	
14	
8	
9	
12	
11	
7	
8	
19	
10	
8	
11	
13	
12	
13	
10	
8	
15	
9	
13	
10	
9	
10	
6	
10	
9	
13	
7	
7	
11	
13	
7	
9	
7	
14	
8	
11	
6	
5	
8	
10	
8	
5	
7	
10	
8	
9	
13	
14	
8	
5	
9	
7	
11	
6	
9	
5	
11	
13	
9	
9	
6	
8	
8	
11	
7	
5	
13	
8	
3	
11	
10	
4	
16	
11	
4	
9	
3	
6	
6	
10	
7	
8	
13	
7	
8	
10	
11	
9	
4	
4	
10	
9	
3	
9	
3	
8	
5	
7	
9	
7	
11	
9	
10	
3	
4	
7	
4	
7	
8	
16	
5	
5	
5	
2	
7	
5	
8	
2	
5	
4	
9	
3	
8	
6	
6	
5	
11	
1	
14	
11	
3	
11	
7	
3	
7	
9	
6	
5	
9	
9	
2	
6	
5	
8	
5	
6	
6	
7	
6	
7	
11	
7	
4	
6	
9	
4	
5	
3	
6	
9	
12	
6	
11	
4	
8	
6	
11	
3	
3	
5	
8	
3	
6	
9	
7	
1	
3	
5	
2	
5	
7	
8	
5	
3	
4	
7	
8	
2	
5	
4	
4	
8	
8	
5	
5	
8	
7	
0	
3	
7	
6	
7	
6	
4	
5	
5	
6	
1	
4	
6	
6	
5	
5	
8	
4	
3	
1	
9	
6	
5	
7	
3	
1	
4	
7	
4	
5	
7	
8	
4	
8	
9	
5	
7	
4	
5	
6	
4	
7	
2	
2	
8	
4	
2	
4	
3	
4	
4	
3	
8	
4	
1	
3	
1	
5	
4	
3	
1	
3	
3	
4	
4	
2	
4	
4	
4	
8	
2	
8	
0	
5	
3	
4	
3	
6	
4	
5	
1	
5	
4	
2	
2	
4	
7	
1	
3	
2	
6	
7	
5	
5	
4	
4	
3	
4	
3	
2	
2	
3	
4	
5	
5	
4	
3	
4	
3	
3	
2	
3	
4	
8	
3	
4	
5	
5	
6	
4	
1	
0	
3	
1	
0	
1	
2	
4	
6	
4	
6	
5	
3	
1	
3	
3	
3	
3	
2	
4	
8	
1	
3	
2	
2	
0	
4	
5	
5	
2	
4	
3	
4	
4	
6	
3	
4	
2	
2	
4	
0	
3	
3	
5	
2	
3	
4	
3	
2	
3	
4	
5	
4	
5	
5	
1	
4	
7	
1	
2	
0	
3	
4	
2	
1	
2	
2	
2	
4	
1	
1	
2	
2	
1	
1	
4	
5	
6	
5	
3	
1	
2	
1	
5	
3	
2	
1	
6	
2	
3	
1	
2	
2	
4	
5	
2	
2	
2	
3	
4	
3	
1	
2	
5	
3	
1	
4	
1	
6	
0	
2	
1	
3	
2	
1	
6	
4	
3	
2	
4	
1	
4	
3	
5	
3	
3	
0	
2	
1	
4	
2	
3	
3	
3	
1	
1	
2	
0	
2	
2	
2	
1	
3	
2	
3	
4	
1	
2	
3	
1	
1	
3	
4	
0	
3	
5	
0	
2	
2	
2	
1	
4	
2	
2	
3	
2	
3	
2	
0	
1	
0	
3	
3	
2	
4	
0	
3	
2	
0	
1	
6	
1	
1	
1	
2	
2	
0	
2	
3	
2	
1	
2	
0	
1	
2	
0	
0	
3	
2	
4	
1	
1	
2	
0	
2	
4	
0	
2	
0	
3	
4	
2	
2	
0	
1	
1	
3	
1	
1	
0	
4	
1	
0	
3	
3	
2	
4	
2	
0	
0	
4	
1	
1	
1	
2	
0	
1	
2	
0	
4	
2	
0	
1	
0	
2	
1	
1	
1	
1	
1	
2	
5	
0	
3	
0	
2	
0	
0	
3	
2	
2	
2	
2	
3	
0	
1	
3	
1	
2	
1	
1	
1	
0	
0	
0	
1	
1	
2	
0	
2	
2	
2	
3	
3	
2	
1	
1	
4	
0	
1	
1	
0	
0	
1	
1	
0	
3	
1	
0	
0	
1	
4	
1	
2	
3	
0	
2	
3	
0	
0	
0	
2	
1	
2	
2	
2	
0	
0	
2	
3	
5	
1	
0	
2	
2	
4	
1	
1	
2	
1	
1	
1	
1	
1	
0	
1	
0	
0	
1	
0	
3	
3	
0	
0	
4	
0	
1	
1	
0	
0	
2	
1	
1	
1	
3	
1	
1	
0	
1	
2	
2	
2	
0	
2	
1	
2	
4	
4	
2	
1	
2	
0	
0	
0	
1	
3	
2	
0	
1	
0	
1	
0	
2	
1	
1	
3	
2	
2	
1	
1	
1	
2	
1	
3	
0	
1	
5	
3	
1	
0	
0	
4	
0	
3	
1	
1	
0	
3	
1	
2	
0	
1	
0	
3	
4	
1	
2	
2	
1	
2	
1	
4	
1	
5	
1	
2	
2	
3	
5	
3	
2	
3	
3	
4	
3	
1	
2	
1	
4	
1	
1	
5	
1	
3	
0	
5	
2	
0	
2	
0	
5	
2	
4	
3	
5	
0	
1	
3	
2	
2	
4	
2	
0	
2	
2	
5	
1	
2	
2	
2	
6	
1	
5	
2	
2	
5	
2	
3	
2	
1	
1	
3	
5	
0	
3	
0	
3	
0	
5	
1	
3	
1	
4	
3	
2	
5	
4	
1	
4	
3	
2	
3	
2	
3	
2	
4	
4	
4	
2	
5	
1	
5	
2	
4	
2	
3	
1	
0	
1	
3	
2	
3	
1	
2	
2	
0	
2	
1	
2	
8	
3	
4	
1	
4	
2	
1	
3	
0	
2	
4	
4	
4	
1	
2	
2	
1	
1	
4	
3	
2	
2	
3	
4	
1	
1	
2	
3	
1	
2	
3	
0	
2	
3	
2	
4	
2	
3	
1	
3	
1	
1	
1	
0	
3	
2	
2	
0	
1	
2	
2	
2	
5	
5	
0	
3	
0	
0	
1	
3	
2	
1	
2	
3	
4	
0	
1	
0	
2	
1	
1	
3	
1	
0	
3	
1	
1	
5	
1	
2	
0	
1	
3	
5	
2	
4	
2	
1	
4	
3	
1	
0	
0	
1	
1	
1	
2	
5	
0	
1	
2	
0	
6	
1	
3	
1	
3	
2	
7	
1	
0	
0	
1	
1	
7	
0	
4	
0	
3	
4	
1	
0	
2	
1	
3	
0	
2	
2	
1	
2	
2	
3	
1	
0	
5	
0	
1	
1	
0	
4	
1	
1	
2	
1	
0	
2	
1	
1	
1	
3	
2	
3	
0	
3	
3	
0	
2	
4	
0	
2	
2	
2	
1	
3	
1	
0	
1	
3	
1	
1	
1	
1	
1	
3	
0	
0	
1	
2	
1	
2	
5	
1	
0	
2	
0	
4	
1	
3	
3	
2	
1	
1	
0	
0	
1	
1	
0	
5	
2	
0	
0	
3	
2	
3	
1	
1	
0	
0	
1	
1	
0	
2	
0	
1	
1	
3	
2	
2	
2	
0	
1	
0	
1	
0	
0	
2	
2	
1	
1	
0	
1	
1	
1	
2	
1	
2	
1	
1	
1	
0	
1	
4	
1	
2	
1	
0	
2	
2	
1	
3	
1	
1	
2	
0	
2	
0	
1	
1	
2	
1	
0	
1	
0	
0	
0	
0	
2	
2	
1	
0	
0	
1	
1	
3	
3	
0	
3	
4	
0	
0	
1	
0	
4	
3	
0	
1	
2	
0	
1	
0	
1	
0	
2	
0	
0	
0	
0	
0	
1	
1	
1	
0	
0	
1	
2	
0	
0	
1	
0	
0	
2	
0	
0	
0	
1	
0	
1	
1	
0	
1	
1	
1	
1	
0	
1	
1	
0	
1	
0	
2	
0	
0	
1	
1	
0	
1	
2	
0	
1	
1	
0	
1	
1	
1	
0	
1	
0	
1	
1	
1	
0	
1	
0	
0	
0	
1	
0	
0	
0	
0	
0	
0	
0	
3	
0	
1	
1	
0	
0	
0	
1	
2	
1	
1	
1	
0	
3	
0	
0	
0	
0	
0	
1	
2	
0	
2	
0	
0	
0	
2	
2	
0	
1	
1	
0	
0	
0	
2	
0	
0	
0	
0	
1	
1	
2	
3	
0	
0	
0	
1	
0	
0	
1	
0	
1	
0	
0	
0	
0	
0	
2	
1	
0	
0	
0	
0	
0	
1	
0	
1	
1	
1	
0	
0	
0	
1	
0	
0	
1	
1	
0	
0	
0	
0	
1	
1	
0	
1	
0	
2	
0	
1	
0	
0	
0	
0	
0	
0	
1	
2	
0	
0	
0	
0	
0	
1	
0	
1	
3	
0	
0	
1	
0	
0	
2	
1	
1	
1	
0	
0	
0	
0	
0	
0	
1	
0	
0	
0	
1	
0	
0	
0	
0	
2	
0	
0	
0	
0	
0	
0	
3	
0	
1	
1	
0	
0	
0	
0	
0	
0	
0	
1	
1	
0	
0	
1	
0	
0	
0	
0	
0	
2	
0	
0	
0	
0	
0	
2	
1	
2	
0	
0	
0	
0	
0	
0	
0	
0	
0	
0	
0	
2	
1	
0	
0	
0	
0	
1	
0	
1	
0	
0	
0	
0	
1	
1	
0	
1	
0	
1	
0	
2	
0	
0	
1	
0	
0	
2	
0	
0	
0	
0	
0	
1	
1	
0	
1	
0	
0	
0	
0	
2	
0	
0	
1	
1	
1	
0	
1	
1	
1	
0	
1	
2	
0	
0	
0	
0	
1	
0	
0	
0	
1	
0	
0	
1	
0	
0	
0	
0	
0	
0	
0	
0	
0	
0	
0	
1	
0	
0	
0	
1	
1	
0	
4	
0	
0	
1	
0	
0	
1	
0	
0	
0	
0	
1	
0	
0	
0	
0	
0	
0	
0	
0	
1	
0	
0	
1	
1	
0	
0	
0	
0	
0	
0	
0	
1	
0	
0	
0	
1	
0	
0	
0	
0	
1	
1	
0	
1	
0	
1	
0	
1	
0	
0	
1	
1	
0	
1	
0	
0	
0	
1	
0	
0	
1	
0	
0	
0	
0	
0	
0	
0	
0	
0	
0	
0	
0	
0	
0	
0	
0	
2	
0	
0	
0	
0	
1	
0	
0	
0	
0	
0	
1	
0	
1	
0	
0	
1	
0	
1	
0	
0	
0	
0	
0	
0	
0	
0	
0	
2	
0	
2	
0	
0	
0	
0	
0	
0	
0	
1	
0	
2	
0	
0	
0	
0	
0	
0	
0	
0	
0	
0	
2	
1	
0	
0	
0	
0	
0	
0	
0	
0	
0	
0	
1	
0	
0	
0	
0	
0	
0	
0	
0	
0	
0	
0	
1	
0	
0	
0	
1	
1	
0	
0	
0	
0	
0	
0	
0	
0	
0	
0	
0	
0	
0	
0	
0	
0	
0	
0	
0	
0	
0	
0	
0	
0	
0	
0	
0	
0	
0	
1	
0	
1	
0	
0	
0	
0	
0	
0	
0	
0	
0	
1	
0	
0	
0	
0	
0	
0	
0	
0	
0	
0	
0	
0	
0	
0	
0	
1	
0	
1	
0	
0	
0	
0	
1	
0	
0	
0	
0	
0	
0	
0	
0	
0	
0	
0	
1	
0	
0	
0	
1	
0	
0	
0	
0	
0	
0	
0	
1	
0	
0	
0	
0	
0	
2	
1	
0	
0	
0	
0	
1	
1	
0	
0	
1	
0	
0	
0	
0	
1	
1	
0	
0	
0	
0	
0	
0	
0	
0	
0	
0	
0	
0	
0	
0	
0	
0	
0	
0	
0	
1	
0	
1	
0	
0	
0	
0	
1	
0	
0	
0	
0	
0	
1	
1	
0	
0	
0	
0	
0	
0	
0	
0	
2	
0	
0	
0	
0	
2	
0	
0	
0	
1	
1	
0	
0	
0	
0	
0	
0	
0	
0	
0	
0	
0	
0	
0	
0	
0	
0	
0	
2	
0	
0	
0	
0	
0	
0	
0	
0	
2	
0	
0	
0	
1	
1	
0	
0	
1	
0	
0	
0	
0	
0	
1	
0	
1	
0	
0	
0	
0	
0	
1	
0	
1	
0	
0	
0	
0	
0	
1	
0	
0	
1	
0	
0	
0	
0	
2	
0	
0	
0	
1	
0	
0	
1	
0	
0	
0	
0	
0	
0	
0	
0	
0	
0	
0	
1	
0	
0	
2	
1	
0	
0	
0	
0	
0	
0	
0	
0	
0	
0	
0	
0	
1	
0	
0	
0	
0	
1	
0	
0	
0	
0	
0	
0	
0	
0	
0	
0	
0	
0	
0	
0	
0	
1	
0	
0	
1	
0	
0	
0	
0	
0	
0	
2	
0	
0	
0	
0	
0	
0	
0	
0	
0	
0	
0	
0	
1	
0	
0	
0	
0	
0	
0	
0	
1	
0	
0	
0	
0	
0	
0	
0	
0	
0	
0	
1	
0	
0	
0	
0	
2	
1	
0	
0	
1	
0	
1	
0	
0	
0	
0	
0	
0	
0	
1	
0	
0	
0	
0	
0	
0	
0	
2	
0	
1	
0	
0	
1	
1	
0	
0	
1	
0	
0	
0	
0	
0	
0	
0	
0	
0	
0	
0	
1	
0	
0	
0	
0	
0	
1	
0	
0	
0	
0	
0	
0	
0	
0	
0	
0	
0	
0	
0	
0	
0	
0	
0	
0	
0	
0	
0	
0	
0	
0	
0	
0	
0	
0	
0	
0	
0	
0	
0	
0	
0	
0	
0	
0	
0	
0	
0	
0	
0	
1	
0	
0	
0	
0	
0	
0	
1	
0	
0	
0	
1	
1	
0	
1	
0	
1	
0	
0	
0	
0	
0	
0	
0	
0	
0	
1	
0	
0	
0	
0	
0	
0	
0	
0	
1	
0	
0	
1	
0	
0	
1	
0	
0	
0	
0	
0	
0	
0	
0	
0	
1	
0	
0	
0	
0	
0	
0	
0	
0	
0	
0	
0	
0	
0	
0	
0	
0	
0	
0	
0	
0	
0	
0	
1	
0	
0	
0	
0	
0	
0	
0	
0	
0	
0	
0	
0	
0	
1	
0	
0	
1	
0	
0	
1	
0	
0	
0	
0	
0	
0	
0	
0	
1	
1	
0	
0	
0	
0	
0	
0	
0	
0	
0	
0	
0	
0	
0	
0	
0	
0	
0	
0	
0	
0	
0	
0	
0	
0	
0	
0	
0	
0	
0	
0	
1	
0	
1	
0	
0	
0	
0	
0	
0	
0	
0	
0	
0	
0	
0	
0	
0	
0	
0	
1	
0	
0	
1	
0	
0	
0	
0	
0	
0	
0	
1	
0	
0	
0	
0	
1	
1	
0	
0	
0	
0	
0	
0	
0	
0	
0	
0	
0	
0	
0	
0	
0	
0	
1	
0	
0	
1	
0	
0	
0	
0	
0	
0	
0	
1	
0	
0	
0	
0	
0	
0	
0	
0	
0	
0	
0	
0	
0	
0	
0	
0	
1	
1	
0	
0	
0	
0	
0	
0	
0	
0	
0	
0	
0	
0	
0	
0	
0	
0	
0	
0	
0	
0	
0	
0	
0	
0	
0	
0	
0	
0	
0	
0	
0	
0	
0	
0	
0	
0	
0	
0	
0	
0	
0	
1	
0	
0	
0	
0	
0	
1	
0	
0	
0	
0	
0	
0	
0	
0	
0	
0	
0	
0	
0	
0	
0	
1	
0	
0	
0	
0	
0	
2	
0	
0	
0	
0	
0	
0	
0	
0	
0	
0	
0	
0	
0	
0	
0	
0	
0	
0	
0	
0	
0	
0	
0	
0	
0	
0	
0	
0	
0	
0	
0	
0	
1	
0	
0	
0	
1	
0	
0	
0	
0	
0	
0	
0	
0	
0	
0	
0	
0	
0	
0	
0	
0	
0	
0	
0	
0	
0	
0	
0	
0	
0	
0	
0	
0	
0	
0	
1	
0	
0	
0	
0	
0	
0	
0	
0	
0	
0	
0	
0	
0	
0	
0	
0	
0	
0	
0	
0	
0	
1	
0	
0	
0	
1	
0	
0	
0	
0	
0	
1	
0	
0	
0	
0	
1	
0	
0	
1	
0	
0	
0	
0	
0	
0	
0	
0	
0	
0	
0	
0	
0	
0	
0	
1	
0	
0	
0	
0	
0	
0	
1	
0	
0	
0	
0	
0	
1	
0	
0	
0	
0	
0	
0	
0	
0	
0	
0	
1	
0	
0	
0	
0	
0	
0	
0	
0	
0	
0	
1	
0	
0	
0	
0	
1	
0	
0	
0	
0	
0	
0	
0	
0	
0	
0	
0	
0	
0	
0	
0	
0	
0	
1	
1	
0	
0	
0	
0	
0	
0	
1	
1	
0	
0	
0	
0	
0	
0	
0	
1	
0	
1	
0	
0	
0	
0	
0	
0	
0	
0	
0	
0	
0	
0	
0	
0	
0	
0	
1	
0	
0	
0	
1	
0	
0	
0	
0	
0	
0	
0	
0	
0	
0	
1	
0	
0	
0	
0	
0	
0	
0	
0	
0	
0	
0	
0	
1	
0	
0	
0	
0	
0	
0	
0	
0	
0	
0	
0	
0	
0	
0	
0	
0	
0	
0	
0	
0	
0	
0	
0	
0	
0	
0	
1	
0	
0	
0	
0	
0	
0	
0	
0	
0	
0	
0	
0	
1	
0	
0	
0	
0	
0	
0	
0	
0	
0	
0	
0	
0	
1	
0	
0	
0	
0	
1	
0	
1	
0	
0	
0	
0	
0	
0	
0	
0	
0	
0	
0	
0	
0	
0	
0	
0	
0	
0	
0	
0	
0	
0	
0	
0	
0	
0	
0	
0	
0	
0	
0	
0	
0	
0	
0	
0	
0	
0	
0	
0	
1	
0	
0	
0	
0	
0	
1	
0	
0	
0	
0	
1	
1	
0	
0	
0	
0	
0	
0	
0	
0	
0	
0	
0	
0	
0	
0	
0	
0	
0	
0	
0	
0	
0	
0	
0	
0	
0	
0	
1	
0	
0	
0	
0	
0	
0	
1	
0	
0	
0	
0	
1	
0	
1	
0	
1	
0	
0	
0	
0	
0	
0	
1	
0	
0	
0	
0	
0	
0	
0	
0	
0	
1	
0	
0	
0	
0	
0	
0	
0	
0	
0	
1	
0	
0	
0	
0	
0	
0	
0	
0	
0	
0	
0	
0	
0	
0	
0	
0	
0	
1	
1	
0	
0	
0	
0	
0	
0	
0	
0	
1	
0	
0	
0	
0	
0	
0	
0	
0	
0	
1	
0	
0	
0	
0	
0	
0	
0	
0	
0	
0	
0	
0	
0	
0	
0	
0	
1	
0	
0	
1	
0	
0	
1	
0	
0	
0	
0	
0	
0	
0	
0	
1	
0	
1	
0	
0	
1	
1	
0	
0	
0	
0	
0	
0	
0	
0	
0	
0	
0	
0	
0	
0	
0	
0	
0	
0	
0	
0	
1	
2	
0	
0	
0	
0	
0	
0	
0	
0	
0	
0	
1	
0	
1	
0	
0	
0	
0	
0	
0	
1	
0	
0	
0	
0	
0	
1	
0	
0	
0	
0	
0	
1	
0	
1	
0	
1	
0	
0	
0	
0	
0	
1	
0	
0	
0	
0	
1	
0	
0	
0	
0	
0	
0	
0	
0	
0	
0	
0	
1	
0	
0	
1	
1	
0	
0	
0	
0	
0	
0	
0	
0	
0	
0	
0	
0	
0	
0	
1	
0	
1	
0	
0	
0	
0	
0	
0	
0	
0	
0	
0	
0	
0	
0	
0	
0	
0	
0	
0	
0	
0	
1	
0	
0	
0	
0	
0	
0	
0	
0	
0	
0	
0	
0	
2	
0	
0	
0	
0	
0	
0	
0	
0	
0	
0	
0	
0	
0	
0	
0	
0	
0	
0	
0	
0	
0	
1	
0	
0	
0	
1	
0	
0	
0	
0	
0	
0	
0	
1	
0	
0	
0	
0	
1	
0	
0	
0	
0	
0	
0	
0	
0	
0	
1	
1	
1	
0	
0	
0	
0	
1	
0	
0	
0	
0	
0	
0	
0	
0	
0	
1	
0	
0	
0	
0	
0	
0	
0	
0	
0	
0	
0	
0	
1	
0	
0	
0	
2	
1	
0	
0	
0	
0	
0	
0	
0	
1	
0	
1	
1	
0	
0	
1	
0	
0	
0	
0	
0	
0	
0	
0	
1	
0	
0	
0	
0	
0	
0	
0	
0	
1	
1	
0	
0	
0	
0	
0	
0	
0	
0	
0	
1	
0	
0	
0	
0	
0	
1	
1	
0	
0	
0	
0	
0	
0	
0	
0	
0	
0	
2	
0	
1	
1	
0	
0	
1	
0	
1	
0	
1	
0	
1	
1	
0	
0	
1	
0	
0	
0	
0	
0	
0	
0	
2	
0	
0	
0	
0	
0	
0	
0	
0	
1	
0	
1	
0	
0	
0	
0	
0	
0	
0	
0	
0	
0	
0	
0	
0	
1	
1	
0	
1	
0	
1	
0	
1	
0	
0	
0	
0	
0	
0	
0	
0	
0	
0	
0	
0	
0	
0	
2	
0	
0	
1	
0	
0	
0	
1	
0	
0	
0	
0	
1	
0	
0	
0	
0	
1	
1	
0	
0	
0	
0	
0	
0	
0	
0	
0	
0	
0	
1	
0	
1	
0	
0	
0	
2	
0	
0	
0	
1	
1	
0	
0	
0	
0	
0	
0	
0	
0	
0	
1	
1	
0	
0	
0	
2	
0	
0	
0	
0	
0	
0	
0	
0	
1	
0	
0	
0	
0	
0	
1	
0	
0	
2	
1	
0	
0	
0	
0	
0	
0	
1	
0	
1	
0	
0	
0	
0	
1	
0	
0	
0	
0	
0	
0	
1	
2	
0	
0	
1	
0	
1	
0	
1	
2	
0	
0	
0	
1	
0	
0	
0	
0	
1	
1	
0	
0	
0	
0	
0	
1	
0	
0	
0	
0	
0	
1	
0	
0	
0	
0	
0	
0	
0	
0	
0	
0	
0	
0	
1	
0	
2	
0	
0	
0	
1	
0	
0	
0	
0	
0	
1	
0	
0	
0	
0	
0	
0	
0	
1	
0	
0	
0	
0	
0	
0	
0	
1	
0	
0	
0	
0	
0	
0	
0	
1	
0	
0	
