#PicoHarp 300  Histogram Data			18/12/2022 06:46:53 PM
#channels per curve
6250
#display curve no.
0	
#memory block no.
0	
#ns/channel
0.0160	
#counts
0	
0	
0	
0	
0	
0	
0	
0	
0	
0	
0	
0	
0	
0	
0	
0	
0	
0	
0	
0	
0	
0	
0	
0	
0	
0	
0	
0	
0	
1	
0	
0	
0	
0	
0	
0	
0	
0	
1	
0	
0	
0	
0	
0	
0	
0	
0	
0	
0	
0	
0	
0	
0	
0	
0	
0	
0	
0	
0	
0	
0	
0	
0	
0	
0	
0	
0	
0	
0	
0	
0	
0	
0	
0	
0	
0	
0	
0	
0	
0	
0	
0	
0	
0	
0	
0	
0	
0	
1	
0	
0	
0	
0	
0	
0	
0	
0	
0	
0	
0	
0	
0	
0	
0	
0	
0	
0	
0	
0	
0	
0	
0	
0	
0	
0	
0	
0	
0	
0	
0	
0	
0	
0	
0	
0	
0	
0	
0	
0	
0	
0	
1	
0	
0	
0	
0	
0	
0	
0	
0	
0	
0	
0	
0	
0	
0	
0	
0	
0	
0	
0	
0	
0	
1	
0	
0	
0	
0	
0	
0	
0	
0	
0	
0	
0	
0	
0	
0	
0	
0	
0	
0	
0	
0	
0	
0	
0	
0	
0	
0	
0	
0	
0	
0	
0	
0	
0	
0	
0	
0	
0	
0	
0	
0	
1	
0	
0	
0	
0	
0	
0	
0	
0	
0	
0	
0	
1	
0	
0	
0	
0	
0	
0	
0	
0	
0	
0	
0	
0	
0	
0	
0	
0	
0	
0	
0	
0	
0	
0	
0	
0	
0	
0	
0	
0	
0	
0	
0	
0	
0	
0	
0	
0	
0	
0	
0	
0	
0	
0	
0	
0	
0	
0	
0	
0	
0	
0	
0	
0	
0	
0	
0	
0	
0	
0	
0	
0	
0	
0	
0	
0	
0	
0	
0	
0	
0	
0	
0	
0	
0	
0	
0	
0	
0	
0	
0	
0	
0	
0	
0	
0	
0	
0	
0	
0	
0	
0	
0	
0	
0	
0	
0	
0	
0	
0	
0	
0	
1	
0	
0	
0	
0	
0	
0	
0	
0	
0	
0	
0	
0	
0	
0	
0	
0	
0	
0	
0	
0	
0	
0	
0	
0	
0	
0	
0	
0	
0	
0	
0	
0	
0	
0	
0	
0	
0	
0	
0	
0	
0	
0	
0	
0	
0	
0	
0	
0	
0	
0	
0	
0	
1	
0	
0	
0	
0	
0	
0	
1	
0	
0	
0	
0	
2	
0	
0	
0	
0	
0	
0	
0	
0	
0	
0	
0	
0	
0	
0	
0	
0	
0	
0	
0	
0	
0	
0	
0	
0	
0	
0	
0	
0	
0	
0	
0	
0	
0	
0	
0	
0	
0	
0	
0	
0	
1	
0	
0	
0	
0	
0	
0	
0	
0	
0	
0	
0	
0	
0	
0	
0	
0	
0	
0	
0	
0	
0	
0	
1	
0	
1	
0	
0	
0	
0	
1	
0	
1	
0	
0	
0	
0	
0	
0	
0	
0	
0	
0	
0	
0	
1	
0	
0	
0	
0	
0	
0	
0	
0	
0	
0	
0	
0	
0	
0	
0	
0	
0	
0	
0	
0	
0	
0	
0	
0	
0	
0	
0	
0	
0	
0	
0	
0	
0	
0	
0	
0	
0	
0	
1	
0	
0	
0	
0	
0	
0	
0	
0	
0	
0	
0	
0	
0	
0	
1	
0	
0	
0	
0	
0	
0	
0	
0	
0	
0	
0	
0	
0	
0	
0	
0	
0	
0	
0	
0	
0	
0	
0	
0	
0	
0	
0	
0	
0	
0	
0	
0	
0	
0	
0	
0	
0	
0	
0	
0	
0	
0	
0	
0	
0	
0	
0	
0	
0	
0	
0	
0	
1	
0	
0	
0	
0	
0	
0	
0	
0	
0	
0	
0	
0	
0	
0	
0	
0	
0	
0	
0	
0	
0	
0	
0	
0	
0	
0	
0	
0	
0	
0	
0	
0	
0	
0	
0	
0	
0	
1	
0	
0	
0	
0	
0	
0	
0	
0	
0	
0	
0	
0	
0	
0	
0	
0	
0	
0	
0	
0	
0	
0	
0	
0	
1	
0	
0	
0	
0	
0	
0	
0	
0	
0	
0	
0	
0	
0	
0	
0	
0	
0	
0	
0	
0	
0	
0	
0	
0	
0	
0	
0	
0	
0	
0	
0	
1	
0	
1	
0	
0	
0	
0	
0	
0	
0	
0	
1	
0	
0	
0	
0	
0	
0	
0	
0	
0	
0	
0	
0	
0	
0	
0	
0	
0	
0	
0	
0	
0	
0	
0	
0	
0	
0	
0	
0	
0	
0	
0	
0	
0	
0	
0	
0	
1	
0	
0	
0	
0	
0	
0	
1	
0	
0	
0	
0	
0	
0	
0	
0	
0	
1	
0	
0	
0	
0	
0	
0	
0	
0	
0	
0	
0	
0	
0	
0	
0	
0	
0	
0	
0	
0	
0	
0	
0	
0	
0	
0	
0	
0	
0	
0	
0	
0	
0	
0	
0	
0	
0	
0	
0	
0	
0	
0	
0	
0	
0	
0	
0	
0	
0	
0	
0	
0	
0	
0	
0	
0	
0	
0	
0	
0	
0	
0	
0	
1	
0	
0	
0	
0	
0	
0	
0	
0	
0	
0	
0	
0	
0	
0	
0	
0	
1	
0	
0	
0	
0	
0	
1	
0	
0	
0	
0	
0	
0	
0	
0	
0	
1	
0	
1	
0	
0	
1	
0	
0	
0	
0	
0	
0	
0	
2	
17	
115	
390	
1039	
2008	
3499	
5297	
7143	
8364	
9077	
9252	
9645	
9876	
9921	
9837	
9936	
10000	
9877	
9917	
9990	
9998	
9997	
9833	
9901	
9802	
9724	
9794	
9750	
9992	
9836	
9740	
9843	
9601	
9673	
9697	
9629	
9604	
9687	
9579	
9523	
9573	
9462	
9576	
9479	
9375	
9323	
9349	
9105	
9249	
9308	
8984	
9106	
9119	
8995	
9024	
8949	
9010	
8978	
8898	
8866	
8819	
8747	
8651	
8602	
8882	
8570	
8475	
8610	
8389	
8402	
8394	
8538	
8455	
8331	
8407	
8428	
8373	
8245	
8302	
7993	
8221	
8065	
8124	
8013	
7981	
7932	
7890	
7817	
7918	
7911	
7828	
7898	
7807	
7751	
7676	
7556	
7701	
7651	
7642	
7538	
7490	
7505	
7507	
7438	
7509	
7333	
7206	
7435	
7438	
7330	
7339	
7182	
7175	
7160	
7204	
7213	
7197	
7007	
7118	
6965	
6860	
7010	
7101	
6884	
6712	
6970	
6826	
6768	
6761	
6745	
6808	
6802	
6773	
6658	
6722	
6726	
6526	
6541	
6633	
6570	
6405	
6497	
6427	
6457	
6389	
6426	
6452	
6391	
6321	
6300	
6269	
6198	
6072	
6169	
6336	
6336	
6082	
6148	
6067	
6000	
6091	
5900	
5990	
6021	
5941	
5925	
5822	
5922	
5911	
5853	
5833	
5751	
5708	
5797	
5729	
5660	
5779	
5707	
5584	
5663	
5590	
5619	
5461	
5380	
5407	
5477	
5409	
5493	
5423	
5480	
5479	
5314	
5385	
5357	
5095	
5334	
5272	
5347	
5179	
5245	
5202	
5218	
5199	
5069	
5149	
5134	
4987	
5104	
5146	
4904	
5014	
4869	
4847	
4959	
4858	
4808	
4942	
4867	
4877	
4808	
4702	
4757	
4857	
4781	
4783	
4750	
4758	
4609	
4690	
4702	
4626	
4503	
4633	
4550	
4586	
4566	
4619	
4536	
4435	
4557	
4337	
4455	
4441	
4503	
4523	
4391	
4397	
4323	
4286	
4311	
4281	
4402	
4321	
4294	
4236	
4269	
4132	
4177	
4219	
4127	
4108	
4081	
4179	
4018	
4087	
4012	
3963	
4082	
3940	
3968	
4010	
3906	
4018	
3973	
3993	
3926	
3941	
3776	
3875	
3852	
3809	
3876	
3915	
3798	
3787	
3812	
3798	
3759	
3742	
3650	
3673	
3723	
3671	
3745	
3628	
3692	
3546	
3658	
3622	
3665	
3575	
3594	
3578	
3541	
3471	
3450	
3598	
3488	
3417	
3491	
3496	
3425	
3402	
3409	
3469	
3421	
3353	
3333	
3398	
3310	
3293	
3325	
3384	
3275	
3198	
3178	
3358	
3125	
3289	
3281	
3291	
3146	
3129	
3233	
3247	
3040	
3086	
3129	
3098	
3009	
3109	
3108	
3111	
2975	
2991	
2992	
3063	
3039	
3033	
3005	
3085	
2879	
2925	
2892	
2890	
2936	
2882	
2870	
2866	
2761	
2786	
2808	
2813	
2808	
2879	
2839	
2838	
2766	
2702	
2774	
2659	
2704	
2717	
2821	
2776	
2709	
2649	
2718	
2663	
2627	
2632	
2715	
2719	
2658	
2610	
2621	
2601	
2564	
2443	
2611	
2654	
2637	
2651	
2519	
2548	
2493	
2519	
2455	
2493	
2495	
2534	
2508	
2453	
2514	
2481	
2359	
2469	
2383	
2413	
2276	
2419	
2348	
2377	
2401	
2303	
2358	
2387	
2290	
2293	
2348	
2248	
2305	
2220	
2275	
2240	
2242	
2222	
2209	
2210	
2264	
2295	
2288	
2127	
2255	
2164	
2187	
2093	
2219	
2118	
2170	
2119	
2109	
2016	
2138	
2054	
2064	
2128	
2060	
2112	
1998	
2037	
2091	
2069	
1986	
1954	
1987	
2013	
1987	
2034	
1952	
2004	
1919	
2006	
2010	
2042	
2011	
1984	
1894	
1916	
1862	
1942	
1896	
1971	
1877	
1836	
1894	
1879	
1862	
1836	
1764	
1981	
1851	
1894	
1706	
1859	
1866	
1789	
1744	
1802	
1790	
1813	
1739	
1799	
1749	
1719	
1788	
1679	
1674	
1721	
1683	
1680	
1668	
1702	
1693	
1691	
1728	
1647	
1693	
1684	
1660	
1568	
1667	
1649	
1605	
1607	
1639	
1488	
1555	
1589	
1601	
1629	
1628	
1579	
1601	
1538	
1570	
1454	
1518	
1467	
1551	
1574	
1504	
1573	
1520	
1432	
1471	
1489	
1512	
1474	
1503	
1443	
1484	
1506	
1469	
1390	
1465	
1384	
1437	
1461	
1440	
1383	
1415	
1372	
1442	
1339	
1392	
1392	
1390	
1368	
1347	
1367	
1405	
1308	
1379	
1293	
1306	
1352	
1353	
1360	
1297	
1359	
1355	
1323	
1289	
1262	
1233	
1294	
1216	
1279	
1258	
1272	
1305	
1209	
1292	
1262	
1274	
1226	
1182	
1266	
1194	
1230	
1182	
1202	
1194	
1230	
1226	
1134	
1140	
1201	
1179	
1181	
1131	
1162	
1109	
1171	
1130	
1154	
1221	
1147	
1158	
1105	
1094	
1203	
1188	
1123	
1130	
1115	
1140	
1131	
1107	
1089	
1029	
1064	
1065	
1060	
1106	
1097	
1075	
1038	
1067	
1079	
1029	
1024	
1038	
1024	
1075	
1035	
1020	
1030	
1082	
992	
999	
957	
1031	
1041	
952	
1045	
1004	
971	
1016	
979	
988	
920	
997	
932	
947	
988	
964	
935	
997	
982	
941	
916	
974	
938	
888	
907	
927	
859	
890	
930	
879	
913	
907	
847	
879	
824	
854	
863	
857	
879	
887	
843	
830	
858	
836	
820	
850	
814	
805	
856	
826	
848	
809	
815	
829	
801	
806	
775	
787	
827	
770	
857	
794	
762	
756	
830	
774	
794	
801	
788	
813	
771	
798	
706	
778	
701	
755	
754	
754	
775	
756	
786	
779	
767	
690	
701	
769	
718	
693	
695	
727	
783	
767	
739	
691	
690	
703	
690	
708	
662	
731	
699	
682	
667	
720	
621	
698	
724	
676	
632	
657	
658	
696	
675	
665	
641	
680	
630	
605	
658	
662	
613	
626	
630	
617	
612	
662	
663	
626	
611	
586	
616	
611	
674	
620	
595	
628	
601	
599	
595	
609	
609	
595	
582	
582	
562	
621	
637	
610	
604	
565	
576	
559	
571	
575	
522	
560	
588	
589	
587	
551	
518	
582	
561	
589	
544	
544	
563	
497	
530	
573	
539	
502	
578	
536	
520	
526	
518	
525	
473	
558	
569	
518	
510	
505	
516	
532	
548	
484	
492	
506	
500	
496	
518	
516	
473	
490	
491	
509	
472	
511	
501	
449	
452	
458	
481	
451	
477	
464	
452	
453	
480	
452	
457	
461	
433	
450	
467	
436	
445	
468	
395	
405	
447	
433	
429	
419	
440	
448	
429	
448	
410	
440	
431	
430	
458	
392	
401	
454	
386	
424	
386	
408	
399	
422	
404	
407	
437	
370	
386	
417	
378	
405	
357	
400	
388	
386	
397	
389	
397	
354	
387	
425	
377	
360	
382	
358	
427	
387	
368	
356	
356	
391	
384	
363	
389	
408	
381	
389	
365	
351	
326	
359	
357	
367	
352	
343	
371	
351	
350	
324	
338	
332	
345	
348	
336	
348	
334	
308	
314	
321	
315	
303	
322	
320	
340	
325	
335	
286	
330	
286	
332	
349	
339	
300	
317	
305	
331	
311	
297	
306	
285	
286	
283	
288	
316	
308	
304	
329	
296	
271	
305	
300	
284	
253	
277	
268	
303	
306	
314	
293	
270	
283	
262	
275	
293	
280	
283	
290	
281	
280	
273	
283	
269	
259	
283	
287	
292	
251	
266	
247	
239	
265	
278	
303	
250	
227	
285	
273	
241	
261	
201	
265	
254	
251	
260	
242	
266	
238	
263	
219	
249	
244	
250	
256	
222	
232	
247	
247	
220	
243	
245	
247	
228	
257	
217	
217	
244	
209	
229	
238	
219	
212	
216	
240	
215	
224	
207	
223	
218	
237	
231	
249	
226	
218	
217	
192	
208	
208	
216	
198	
229	
237	
213	
203	
213	
219	
223	
197	
201	
199	
227	
200	
199	
205	
208	
190	
213	
221	
209	
227	
212	
211	
190	
192	
175	
196	
171	
203	
192	
179	
196	
188	
167	
191	
191	
204	
182	
205	
198	
205	
163	
165	
164	
181	
178	
170	
155	
185	
205	
183	
181	
179	
187	
169	
168	
191	
150	
169	
153	
180	
161	
172	
176	
171	
181	
170	
183	
166	
167	
171	
147	
190	
159	
176	
143	
168	
174	
170	
180	
183	
161	
164	
156	
158	
158	
168	
151	
143	
175	
159	
146	
144	
142	
158	
149	
144	
140	
133	
139	
142	
166	
139	
127	
138	
129	
144	
134	
130	
119	
148	
139	
130	
144	
150	
140	
116	
122	
147	
144	
131	
138	
142	
131	
135	
120	
128	
127	
139	
139	
136	
125	
137	
144	
135	
125	
124	
144	
136	
132	
133	
116	
124	
126	
128	
139	
120	
137	
154	
121	
147	
126	
126	
124	
135	
116	
115	
125	
121	
145	
114	
117	
119	
111	
125	
117	
118	
124	
121	
111	
106	
122	
109	
103	
116	
117	
113	
87	
110	
116	
96	
96	
96	
118	
113	
105	
96	
111	
101	
99	
110	
100	
114	
122	
110	
115	
105	
92	
116	
114	
103	
117	
97	
94	
107	
96	
100	
88	
97	
107	
107	
88	
100	
117	
91	
104	
101	
82	
99	
102	
108	
87	
97	
104	
105	
109	
83	
95	
112	
98	
81	
97	
82	
116	
102	
105	
71	
93	
67	
93	
77	
90	
99	
99	
104	
87	
78	
99	
93	
82	
83	
90	
95	
83	
80	
86	
87	
87	
82	
82	
69	
82	
83	
81	
81	
84	
89	
99	
91	
89	
91	
80	
70	
58	
81	
90	
86	
82	
71	
92	
64	
71	
60	
67	
80	
83	
70	
61	
69	
108	
74	
68	
73	
67	
58	
75	
69	
74	
76	
69	
67	
47	
67	
67	
68	
50	
63	
74	
76	
67	
64	
90	
74	
65	
71	
64	
66	
66	
77	
73	
64	
64	
69	
67	
54	
71	
66	
66	
60	
58	
65	
59	
65	
72	
64	
61	
60	
56	
61	
69	
72	
63	
69	
55	
69	
63	
48	
80	
64	
50	
60	
63	
66	
76	
70	
53	
46	
67	
62	
61	
54	
55	
56	
66	
53	
51	
51	
50	
62	
43	
54	
57	
51	
64	
54	
58	
47	
64	
60	
57	
45	
46	
49	
46	
45	
56	
51	
50	
49	
54	
51	
60	
63	
55	
39	
56	
46	
47	
49	
50	
56	
33	
36	
46	
48	
52	
48	
51	
42	
38	
41	
50	
40	
49	
47	
58	
48	
47	
43	
61	
38	
47	
48	
63	
37	
47	
45	
53	
57	
40	
43	
43	
34	
43	
40	
43	
33	
49	
37	
47	
44	
39	
36	
44	
45	
47	
45	
33	
40	
36	
39	
40	
39	
30	
48	
35	
37	
37	
41	
41	
32	
47	
38	
58	
40	
43	
41	
38	
43	
38	
47	
39	
29	
35	
44	
48	
36	
27	
34	
40	
36	
43	
46	
35	
38	
20	
29	
42	
32	
40	
36	
37	
40	
40	
41	
31	
44	
33	
26	
43	
37	
25	
22	
28	
25	
36	
23	
32	
31	
47	
34	
32	
41	
38	
31	
35	
34	
26	
27	
33	
31	
30	
37	
37	
25	
25	
30	
35	
19	
19	
18	
34	
26	
29	
31	
23	
31	
30	
25	
36	
20	
28	
26	
26	
25	
30	
29	
27	
28	
30	
36	
27	
29	
34	
16	
27	
26	
25	
19	
21	
27	
32	
15	
28	
29	
28	
25	
23	
29	
23	
27	
23	
18	
19	
26	
29	
28	
18	
18	
22	
22	
18	
29	
26	
26	
34	
26	
34	
24	
20	
24	
30	
22	
25	
23	
26	
35	
25	
27	
25	
28	
22	
27	
25	
27	
19	
23	
23	
15	
25	
19	
21	
20	
21	
16	
16	
28	
18	
22	
26	
19	
24	
18	
21	
29	
14	
17	
24	
33	
26	
22	
22	
23	
16	
22	
33	
24	
14	
25	
18	
30	
20	
27	
23	
20	
17	
32	
18	
15	
20	
17	
19	
18	
19	
9	
16	
24	
15	
19	
8	
16	
14	
18	
20	
18	
15	
12	
19	
21	
14	
15	
12	
14	
14	
20	
29	
13	
13	
16	
21	
20	
23	
12	
20	
25	
19	
13	
16	
17	
14	
20	
17	
22	
15	
9	
19	
12	
20	
18	
14	
17	
15	
11	
14	
22	
11	
16	
9	
17	
14	
10	
17	
17	
16	
15	
14	
9	
9	
16	
17	
23	
17	
18	
19	
17	
15	
19	
15	
10	
17	
19	
15	
7	
12	
17	
9	
13	
14	
18	
13	
11	
12	
11	
18	
11	
13	
9	
20	
14	
20	
11	
15	
17	
13	
9	
17	
11	
10	
12	
11	
12	
21	
7	
16	
10	
16	
12	
15	
10	
7	
9	
10	
15	
11	
13	
9	
16	
14	
20	
17	
9	
9	
7	
9	
14	
13	
7	
17	
14	
10	
10	
11	
10	
10	
9	
11	
14	
12	
10	
7	
11	
13	
5	
11	
10	
11	
7	
14	
12	
12	
9	
6	
9	
13	
8	
7	
6	
14	
9	
8	
12	
5	
11	
14	
8	
8	
9	
8	
15	
9	
11	
9	
7	
10	
14	
14	
8	
13	
12	
10	
3	
8	
16	
15	
9	
8	
6	
17	
9	
8	
4	
7	
8	
8	
8	
6	
10	
12	
11	
7	
9	
10	
5	
15	
9	
10	
12	
8	
9	
9	
16	
6	
12	
6	
8	
10	
13	
7	
8	
12	
11	
8	
5	
5	
10	
6	
5	
6	
2	
9	
11	
10	
10	
6	
13	
10	
8	
9	
4	
7	
5	
6	
8	
8	
10	
7	
7	
10	
8	
5	
3	
3	
10	
13	
3	
10	
2	
6	
6	
5	
9	
9	
5	
10	
7	
8	
2	
6	
5	
5	
9	
3	
8	
10	
6	
9	
5	
8	
8	
11	
5	
6	
5	
9	
6	
11	
7	
7	
5	
7	
5	
6	
9	
10	
5	
7	
3	
3	
5	
9	
7	
6	
5	
6	
14	
8	
8	
8	
5	
9	
9	
1	
3	
7	
6	
8	
4	
7	
6	
6	
4	
7	
6	
5	
11	
13	
3	
5	
2	
7	
3	
8	
7	
7	
8	
5	
5	
5	
5	
5	
2	
5	
5	
4	
4	
8	
7	
7	
4	
6	
8	
3	
4	
11	
5	
3	
3	
3	
4	
7	
2	
2	
11	
3	
9	
5	
5	
4	
6	
5	
6	
5	
5	
5	
3	
1	
5	
4	
0	
5	
6	
10	
5	
6	
2	
6	
4	
2	
7	
9	
6	
6	
4	
5	
2	
4	
7	
6	
2	
3	
4	
2	
4	
4	
4	
2	
2	
0	
6	
2	
6	
2	
5	
6	
4	
3	
1	
7	
4	
4	
3	
3	
5	
5	
3	
2	
6	
3	
2	
4	
3	
3	
1	
4	
1	
3	
5	
8	
5	
2	
1	
0	
9	
4	
7	
3	
2	
5	
3	
4	
1	
3	
2	
6	
3	
4	
4	
3	
1	
3	
3	
3	
6	
5	
8	
7	
7	
4	
1	
4	
4	
4	
4	
5	
3	
6	
2	
4	
4	
2	
1	
6	
3	
3	
4	
4	
2	
3	
2	
5	
3	
5	
4	
1	
2	
1	
4	
1	
4	
3	
7	
10	
2	
3	
5	
3	
4	
1	
6	
5	
2	
6	
6	
7	
3	
3	
5	
3	
2	
1	
6	
2	
3	
4	
4	
2	
5	
4	
1	
2	
3	
1	
2	
5	
2	
5	
0	
3	
6	
2	
1	
2	
1	
2	
6	
2	
4	
6	
6	
5	
4	
4	
2	
2	
1	
3	
3	
2	
3	
4	
2	
1	
3	
1	
3	
2	
2	
1	
2	
4	
4	
2	
2	
0	
0	
5	
2	
2	
4	
4	
0	
1	
2	
2	
1	
3	
2	
0	
5	
2	
2	
0	
2	
3	
1	
2	
1	
1	
2	
3	
1	
2	
1	
1	
2	
3	
2	
2	
0	
0	
3	
2	
3	
3	
2	
4	
2	
4	
0	
0	
4	
2	
1	
3	
3	
0	
1	
1	
1	
3	
1	
2	
2	
1	
2	
2	
2	
4	
2	
4	
1	
2	
1	
3	
3	
4	
0	
1	
3	
0	
4	
2	
0	
0	
2	
0	
2	
2	
4	
1	
4	
1	
0	
0	
1	
2	
0	
2	
1	
0	
1	
2	
3	
2	
3	
1	
5	
3	
2	
0	
1	
0	
3	
2	
1	
0	
1	
2	
1	
1	
3	
1	
4	
1	
0	
0	
1	
1	
1	
2	
0	
1	
2	
1	
2	
3	
3	
1	
3	
1	
0	
2	
2	
2	
3	
1	
1	
3	
0	
2	
1	
0	
4	
3	
1	
2	
1	
0	
2	
1	
3	
1	
2	
1	
2	
1	
0	
0	
1	
0	
0	
0	
0	
0	
2	
1	
2	
2	
0	
1	
4	
0	
1	
0	
0	
1	
1	
0	
2	
1	
0	
0	
1	
0	
2	
3	
2	
2	
2	
1	
0	
0	
1	
0	
1	
3	
1	
0	
0	
0	
2	
0	
1	
1	
2	
2	
0	
0	
1	
1	
0	
1	
1	
3	
2	
1	
2	
1	
0	
2	
0	
2	
5	
2	
2	
0	
1	
1	
3	
2	
2	
0	
0	
1	
2	
3	
0	
0	
1	
1	
2	
2	
2	
2	
0	
1	
1	
2	
1	
2	
0	
2	
1	
2	
0	
1	
2	
0	
1	
4	
0	
2	
2	
2	
1	
0	
1	
1	
1	
1	
0	
0	
0	
0	
1	
0	
0	
3	
0	
0	
0	
0	
0	
2	
1	
0	
1	
1	
3	
0	
0	
0	
1	
1	
0	
0	
1	
0	
0	
1	
1	
2	
0	
1	
1	
0	
0	
1	
2	
2	
1	
1	
1	
0	
0	
1	
1	
0	
0	
1	
0	
1	
0	
0	
1	
1	
0	
0	
1	
1	
0	
0	
0	
1	
0	
0	
1	
0	
0	
0	
1	
0	
0	
1	
0	
0	
0	
0	
1	
0	
1	
1	
1	
3	
1	
0	
1	
0	
1	
0	
1	
2	
1	
1	
1	
1	
0	
3	
0	
2	
0	
0	
0	
1	
0	
0	
1	
0	
1	
0	
2	
0	
0	
2	
1	
0	
0	
0	
0	
0	
0	
0	
2	
0	
1	
0	
0	
2	
0	
0	
0	
0	
0	
0	
0	
0	
0	
0	
1	
1	
0	
1	
0	
0	
1	
0	
4	
2	
1	
0	
0	
3	
2	
2	
0	
0	
2	
1	
0	
1	
1	
0	
1	
1	
0	
0	
1	
0	
2	
2	
0	
0	
1	
0	
0	
2	
1	
1	
0	
0	
1	
0	
0	
0	
1	
0	
1	
0	
0	
1	
0	
0	
0	
1	
1	
0	
0	
0	
2	
1	
4	
1	
0	
1	
0	
0	
1	
1	
0	
1	
1	
1	
1	
0	
1	
1	
0	
0	
0	
0	
3	
0	
0	
1	
2	
2	
0	
1	
2	
2	
1	
0	
2	
2	
3	
1	
1	
1	
2	
2	
4	
2	
1	
2	
5	
3	
1	
4	
1	
3	
1	
5	
3	
4	
4	
1	
3	
2	
0	
3	
0	
2	
3	
3	
2	
2	
4	
3	
0	
2	
5	
1	
4	
2	
4	
5	
1	
3	
1	
2	
3	
2	
7	
2	
2	
3	
6	
3	
3	
1	
7	
3	
2	
1	
7	
2	
4	
5	
2	
4	
2	
7	
0	
7	
6	
3	
4	
3	
7	
2	
3	
3	
3	
2	
1	
4	
3	
4	
1	
4	
6	
4	
1	
5	
4	
3	
2	
4	
5	
4	
3	
4	
4	
4	
3	
5	
4	
4	
4	
1	
4	
3	
4	
5	
6	
2	
5	
3	
2	
3	
3	
4	
3	
7	
1	
2	
1	
4	
4	
4	
5	
1	
2	
3	
7	
4	
3	
1	
4	
2	
6	
3	
5	
4	
2	
0	
5	
3	
2	
3	
9	
4	
5	
4	
1	
3	
0	
2	
4	
3	
4	
1	
6	
2	
6	
3	
2	
2	
0	
6	
4	
0	
5	
2	
3	
2	
2	
1	
1	
2	
3	
2	
1	
1	
3	
5	
2	
4	
3	
3	
2	
0	
1	
4	
6	
6	
2	
4	
0	
1	
3	
3	
3	
3	
3	
6	
2	
1	
2	
2	
3	
1	
1	
1	
0	
2	
3	
2	
4	
2	
3	
2	
5	
2	
2	
1	
0	
0	
1	
1	
0	
1	
1	
2	
3	
1	
1	
2	
4	
1	
4	
0	
1	
4	
5	
2	
3	
2	
2	
7	
1	
2	
1	
0	
3	
2	
2	
1	
2	
4	
3	
2	
2	
1	
1	
1	
3	
0	
0	
0	
1	
2	
2	
5	
1	
5	
2	
2	
3	
2	
5	
2	
2	
3	
1	
1	
1	
3	
0	
2	
4	
1	
2	
1	
0	
2	
1	
4	
4	
0	
0	
2	
1	
2	
3	
1	
4	
1	
1	
4	
2	
1	
0	
0	
2	
3	
2	
0	
1	
1	
1	
1	
1	
1	
3	
2	
0	
1	
1	
1	
2	
3	
0	
2	
3	
2	
3	
2	
1	
4	
2	
1	
0	
1	
0	
3	
0	
2	
1	
1	
2	
1	
4	
0	
0	
1	
0	
1	
3	
4	
1	
2	
0	
2	
1	
5	
1	
2	
1	
1	
3	
2	
1	
1	
1	
1	
0	
0	
3	
1	
1	
0	
0	
0	
0	
1	
1	
1	
4	
0	
1	
0	
0	
4	
0	
0	
4	
1	
1	
2	
0	
1	
1	
1	
1	
0	
2	
2	
0	
0	
0	
2	
2	
2	
0	
0	
2	
1	
0	
1	
2	
1	
2	
2	
1	
0	
1	
0	
0	
1	
2	
2	
2	
1	
3	
2	
0	
1	
0	
1	
1	
1	
1	
0	
0	
1	
2	
0	
3	
2	
4	
1	
0	
1	
4	
1	
1	
1	
1	
0	
1	
3	
2	
1	
0	
0	
2	
0	
1	
0	
1	
0	
0	
1	
0	
2	
3	
2	
0	
0	
0	
0	
2	
1	
3	
0	
1	
1	
2	
0	
1	
0	
2	
2	
0	
2	
3	
1	
1	
0	
0	
1	
0	
0	
1	
1	
2	
0	
0	
1	
1	
2	
1	
1	
0	
0	
0	
4	
0	
0	
1	
1	
0	
0	
0	
1	
1	
2	
0	
0	
2	
0	
1	
1	
3	
1	
0	
0	
0	
2	
0	
1	
1	
0	
2	
0	
2	
1	
1	
1	
0	
1	
1	
0	
1	
3	
2	
0	
1	
1	
0	
0	
1	
0	
0	
2	
1	
1	
0	
1	
0	
1	
0	
1	
0	
0	
1	
1	
1	
0	
0	
0	
0	
0	
2	
1	
2	
0	
2	
0	
1	
1	
0	
3	
1	
0	
0	
0	
0	
3	
1	
0	
1	
0	
1	
1	
0	
0	
2	
0	
0	
1	
0	
1	
0	
1	
1	
0	
1	
1	
1	
0	
0	
2	
0	
0	
1	
0	
0	
0	
1	
0	
0	
0	
0	
0	
0	
1	
1	
2	
1	
0	
0	
2	
2	
0	
0	
0	
2	
1	
1	
0	
0	
0	
0	
0	
0	
0	
2	
1	
0	
0	
1	
0	
0	
1	
1	
0	
0	
1	
0	
0	
0	
1	
0	
0	
0	
0	
0	
0	
0	
1	
0	
0	
0	
0	
0	
0	
0	
0	
1	
0	
0	
0	
0	
0	
0	
1	
0	
0	
0	
0	
1	
1	
2	
0	
0	
0	
1	
0	
0	
0	
2	
0	
0	
0	
1	
0	
0	
0	
0	
2	
1	
1	
0	
1	
0	
0	
1	
1	
0	
0	
1	
0	
0	
1	
1	
0	
0	
1	
2	
0	
0	
1	
0	
0	
0	
1	
1	
2	
0	
0	
0	
0	
1	
1	
0	
0	
1	
0	
0	
0	
0	
1	
0	
0	
1	
0	
0	
0	
1	
0	
0	
1	
0	
0	
0	
0	
0	
1	
0	
0	
1	
1	
1	
2	
0	
0	
0	
0	
0	
0	
0	
0	
1	
0	
0	
1	
0	
0	
0	
1	
2	
0	
1	
0	
1	
0	
2	
1	
0	
0	
1	
1	
0	
0	
0	
0	
0	
0	
1	
1	
0	
0	
0	
0	
1	
0	
0	
0	
0	
0	
0	
1	
0	
0	
1	
0	
0	
1	
0	
0	
1	
0	
0	
0	
1	
0	
0	
1	
1	
0	
0	
1	
0	
0	
0	
0	
0	
0	
0	
0	
1	
0	
0	
0	
0	
0	
0	
1	
1	
0	
0	
0	
0	
0	
0	
0	
0	
0	
1	
1	
0	
0	
0	
0	
0	
1	
0	
1	
0	
0	
1	
0	
0	
0	
0	
1	
1	
0	
0	
1	
1	
0	
0	
1	
0	
1	
0	
0	
0	
0	
0	
0	
1	
0	
0	
1	
0	
0	
0	
0	
0	
0	
0	
0	
1	
0	
1	
0	
0	
0	
0	
0	
0	
0	
0	
0	
1	
1	
0	
0	
1	
1	
0	
0	
0	
1	
0	
1	
0	
1	
0	
0	
1	
0	
0	
0	
0	
0	
0	
0	
1	
1	
0	
0	
0	
0	
0	
0	
0	
1	
0	
1	
0	
0	
0	
0	
0	
0	
0	
0	
1	
0	
0	
0	
0	
2	
0	
0	
0	
0	
0	
0	
0	
0	
0	
0	
0	
0	
1	
1	
0	
0	
0	
0	
0	
0	
0	
0	
0	
0	
0	
0	
1	
0	
1	
0	
0	
0	
0	
0	
0	
1	
0	
1	
0	
0	
1	
1	
0	
1	
0	
0	
0	
0	
0	
0	
0	
1	
0	
0	
0	
0	
0	
0	
0	
0	
0	
0	
0	
0	
0	
0	
0	
0	
0	
0	
0	
0	
0	
0	
1	
0	
0	
0	
0	
0	
1	
1	
0	
0	
0	
0	
0	
0	
0	
0	
0	
1	
0	
0	
0	
0	
1	
0	
0	
0	
1	
2	
0	
0	
0	
0	
0	
0	
0	
0	
0	
0	
0	
0	
0	
0	
0	
0	
0	
1	
0	
0	
0	
0	
0	
0	
0	
1	
0	
0	
0	
0	
0	
0	
0	
0	
0	
0	
0	
0	
0	
0	
0	
1	
0	
0	
0	
1	
0	
1	
0	
0	
0	
0	
0	
1	
0	
0	
0	
0	
0	
0	
0	
1	
2	
0	
0	
0	
0	
0	
0	
0	
0	
0	
0	
0	
0	
0	
0	
0	
0	
0	
0	
0	
0	
0	
0	
0	
1	
0	
0	
0	
0	
0	
0	
0	
0	
0	
1	
0	
0	
0	
0	
0	
1	
0	
0	
0	
0	
0	
0	
0	
0	
0	
0	
0	
0	
0	
0	
0	
0	
0	
0	
0	
0	
0	
0	
0	
1	
0	
0	
0	
0	
0	
0	
0	
0	
0	
0	
0	
0	
0	
0	
0	
1	
0	
0	
0	
0	
0	
0	
0	
1	
0	
0	
0	
1	
1	
0	
0	
0	
1	
0	
0	
0	
0	
0	
0	
0	
0	
1	
0	
0	
0	
0	
0	
0	
0	
0	
0	
0	
0	
0	
0	
1	
0	
0	
0	
0	
0	
0	
0	
0	
0	
0	
0	
0	
0	
0	
0	
0	
0	
0	
0	
0	
0	
0	
0	
1	
0	
0	
0	
0	
0	
0	
0	
0	
0	
0	
0	
0	
0	
0	
0	
0	
1	
1	
1	
0	
0	
0	
0	
0	
0	
0	
0	
0	
1	
0	
0	
0	
0	
0	
0	
0	
0	
0	
0	
0	
0	
0	
0	
0	
0	
0	
0	
0	
0	
1	
0	
0	
0	
0	
0	
0	
0	
0	
0	
0	
0	
0	
0	
0	
0	
0	
0	
0	
1	
0	
0	
0	
0	
0	
0	
0	
0	
0	
1	
1	
1	
0	
0	
0	
0	
0	
0	
0	
0	
0	
0	
0	
0	
0	
0	
0	
0	
0	
0	
0	
0	
0	
0	
0	
1	
0	
0	
0	
0	
0	
0	
0	
0	
0	
0	
0	
0	
0	
0	
0	
0	
0	
0	
0	
0	
0	
0	
0	
1	
0	
1	
0	
0	
0	
0	
0	
0	
0	
1	
0	
0	
0	
0	
0	
0	
0	
0	
0	
0	
1	
0	
1	
0	
0	
0	
0	
0	
0	
0	
0	
1	
0	
0	
0	
0	
0	
1	
0	
0	
1	
0	
0	
0	
0	
0	
1	
0	
0	
0	
0	
0	
0	
0	
0	
1	
0	
0	
1	
1	
0	
0	
0	
0	
0	
0	
0	
0	
0	
0	
0	
0	
0	
0	
0	
0	
0	
0	
0	
0	
0	
1	
1	
0	
0	
0	
1	
0	
0	
0	
0	
0	
1	
0	
0	
1	
1	
0	
0	
0	
0	
0	
1	
0	
1	
0	
0	
0	
0	
0	
0	
0	
0	
0	
0	
0	
0	
0	
0	
0	
0	
0	
1	
0	
0	
0	
0	
0	
0	
0	
0	
0	
0	
0	
0	
0	
0	
0	
0	
0	
0	
0	
1	
0	
0	
0	
0	
0	
0	
0	
0	
0	
0	
1	
0	
1	
0	
1	
0	
0	
0	
0	
0	
0	
0	
1	
0	
0	
0	
0	
0	
0	
1	
0	
0	
0	
0	
0	
0	
1	
0	
0	
0	
0	
0	
0	
0	
0	
0	
0	
0	
0	
0	
0	
0	
0	
0	
0	
0	
0	
0	
0	
0	
0	
0	
0	
0	
0	
0	
0	
0	
0	
0	
0	
0	
1	
1	
0	
0	
0	
0	
0	
1	
0	
0	
0	
0	
0	
0	
0	
1	
0	
1	
0	
0	
0	
0	
1	
0	
0	
0	
0	
0	
0	
0	
0	
0	
0	
0	
0	
0	
0	
0	
0	
0	
0	
0	
0	
0	
0	
0	
0	
0	
0	
0	
0	
1	
0	
0	
0	
0	
0	
0	
0	
0	
0	
0	
0	
0	
0	
0	
0	
0	
0	
0	
0	
1	
0	
0	
0	
0	
0	
0	
1	
0	
0	
0	
0	
0	
0	
0	
0	
1	
0	
1	
0	
1	
0	
0	
0	
0	
0	
0	
1	
1	
0	
0	
0	
0	
0	
0	
0	
0	
0	
0	
0	
0	
0	
0	
0	
0	
0	
0	
0	
0	
0	
0	
0	
0	
1	
1	
0	
1	
0	
0	
0	
0	
0	
0	
0	
0	
0	
0	
0	
0	
0	
0	
0	
0	
0	
0	
0	
0	
0	
1	
0	
0	
0	
0	
0	
0	
1	
0	
0	
0	
0	
0	
0	
0	
0	
0	
0	
0	
0	
0	
0	
2	
0	
0	
1	
0	
0	
0	
0	
0	
0	
1	
0	
0	
0	
0	
0	
1	
0	
0	
2	
0	
0	
0	
0	
0	
0	
0	
0	
0	
0	
0	
0	
0	
0	
0	
0	
0	
0	
0	
1	
0	
1	
0	
0	
0	
0	
0	
1	
0	
0	
0	
0	
1	
0	
0	
0	
0	
0	
0	
1	
0	
0	
0	
0	
0	
0	
0	
1	
0	
0	
0	
0	
1	
0	
0	
0	
1	
0	
0	
0	
0	
0	
0	
0	
0	
0	
1	
0	
0	
0	
0	
0	
0	
0	
1	
0	
0	
0	
0	
0	
0	
0	
0	
0	
0	
0	
1	
0	
0	
0	
0	
0	
0	
0	
0	
0	
0	
0	
0	
1	
0	
0	
1	
1	
0	
0	
0	
0	
0	
0	
0	
0	
0	
0	
0	
0	
0	
1	
0	
0	
0	
0	
0	
0	
0	
0	
0	
0	
0	
0	
0	
0	
0	
1	
0	
0	
1	
0	
0	
0	
0	
0	
0	
0	
0	
0	
0	
0	
0	
0	
0	
0	
0	
1	
0	
1	
0	
0	
0	
0	
0	
0	
0	
0	
0	
0	
0	
0	
0	
0	
0	
0	
0	
0	
0	
0	
0	
0	
1	
0	
0	
0	
0	
0	
0	
0	
0	
0	
0	
0	
0	
1	
1	
1	
0	
0	
0	
0	
0	
0	
0	
0	
0	
0	
0	
0	
0	
0	
0	
0	
0	
0	
0	
0	
0	
1	
0	
0	
0	
0	
0	
0	
0	
0	
0	
0	
0	
0	
1	
0	
0	
0	
0	
0	
0	
0	
0	
0	
0	
0	
1	
0	
1	
0	
0	
0	
0	
0	
0	
0	
0	
0	
0	
0	
1	
0	
1	
0	
0	
0	
0	
0	
0	
0	
0	
0	
0	
0	
0	
0	
0	
1	
1	
0	
0	
1	
0	
0	
0	
0	
0	
1	
0	
1	
1	
0	
0	
2	
1	
0	
0	
0	
0	
0	
0	
1	
0	
1	
0	
0	
0	
0	
0	
0	
0	
0	
0	
0	
1	
1	
0	
0	
0	
0	
1	
1	
0	
0	
0	
0	
1	
0	
0	
1	
0	
0	
0	
0	
0	
0	
1	
0	
0	
0	
0	
0	
0	
0	
1	
0	
0	
0	
0	
0	
0	
0	
1	
0	
0	
2	
0	
0	
0	
0	
0	
0	
0	
0	
0	
0	
1	
1	
0	
1	
0	
0	
0	
0	
0	
0	
0	
0	
0	
0	
1	
0	
0	
0	
0	
0	
0	
0	
0	
0	
0	
0	
1	
0	
1	
0	
0	
0	
0	
0	
0	
0	
0	
0	
0	
0	
1	
0	
1	
0	
0	
0	
1	
0	
0	
0	
0	
0	
0	
0	
0	
0	
0	
0	
0	
1	
0	
0	
0	
1	
0	
0	
0	
0	
0	
1	
0	
0	
0	
0	
0	
0	
0	
0	
0	
0	
0	
0	
0	
0	
0	
0	
0	
0	
0	
0	
0	
0	
0	
0	
1	
0	
0	
0	
0	
0	
0	
0	
0	
0	
0	
0	
1	
1	
0	
0	
0	
0	
0	
0	
0	
0	
0	
0	
0	
1	
0	
0	
0	
0	
0	
0	
0	
0	
0	
0	
0	
0	
0	
1	
1	
0	
0	
1	
0	
0	
0	
1	
0	
1	
0	
0	
0	
0	
0	
0	
0	
0	
0	
0	
0	
1	
0	
0	
0	
0	
0	
0	
0	
2	
0	
0	
0	
0	
0	
0	
0	
0	
0	
0	
0	
0	
0	
0	
1	
0	
1	
0	
0	
1	
1	
0	
2	
0	
0	
1	
1	
0	
0	
0	
1	
1	
0	
1	
0	
0	
0	
0	
0	
0	
0	
1	
1	
1	
0	
0	
0	
1	
0	
0	
0	
0	
0	
0	
0	
0	
0	
1	
1	
0	
0	
1	
1	
0	
0	
0	
0	
0	
0	
1	
0	
0	
0	
0	
1	
0	
0	
0	
0	
0	
0	
0	
1	
1	
0	
0	
0	
1	
0	
0	
0	
0	
0	
1	
1	
0	
0	
0	
0	
1	
0	
3	
0	
0	
0	
0	
0	
0	
0	
0	
0	
0	
0	
1	
0	
1	
0	
0	
0	
0	
2	
1	
0	
0	
0	
0	
0	
0	
1	
1	
0	
0	
0	
0	
0	
0	
0	
0	
0	
0	
0	
0	
1	
0	
0	
0	
0	
0	
0	
0	
0	
0	
0	
0	
0	
1	
0	
0	
0	
0	
0	
0	
0	
0	
1	
0	
2	
0	
0	
2	
0	
0	
0	
0	
0	
1	
2	
0	
1	
0	
0	
0	
0	
0	
0	
0	
0	
1	
1	
0	
0	
0	
0	
0	
0	
0	
0	
0	
0	
0	
0	
0	
1	
0	
0	
0	
0	
0	
0	
1	
0	
0	
0	
0	
1	
0	
0	
0	
0	
2	
0	
0	
0	
0	
1	
0	
1	
0	
0	
0	
0	
1	
0	
0	
0	
0	
0	
2	
0	
0	
0	
0	
0	
0	
0	
0	
0	
0	
1	
0	
0	
0	
0	
0	
0	
0	
0	
