#PicoHarp 300  Histogram Data			18/12/2022 05:40:33 PM
#channels per curve
6250
#display curve no.
0	
#memory block no.
0	
#ns/channel
0.0160	
#counts
0	
0	
0	
0	
0	
0	
0	
0	
0	
0	
0	
0	
0	
0	
0	
1	
0	
2	
0	
0	
0	
1	
0	
0	
0	
0	
0	
0	
0	
0	
0	
0	
0	
0	
0	
0	
0	
0	
0	
0	
0	
0	
0	
0	
0	
0	
0	
0	
0	
0	
0	
0	
0	
0	
0	
0	
0	
0	
1	
1	
0	
0	
0	
0	
0	
0	
0	
0	
0	
0	
0	
0	
0	
0	
0	
0	
0	
0	
0	
0	
0	
0	
0	
0	
0	
0	
0	
0	
0	
0	
0	
0	
0	
0	
0	
0	
0	
0	
0	
0	
0	
0	
0	
0	
0	
0	
0	
0	
0	
0	
0	
0	
0	
0	
0	
0	
0	
0	
0	
0	
0	
0	
0	
0	
0	
0	
0	
0	
1	
0	
0	
0	
0	
1	
0	
0	
0	
0	
0	
0	
0	
0	
0	
0	
0	
0	
0	
0	
0	
0	
0	
0	
0	
0	
0	
0	
0	
0	
0	
0	
1	
1	
0	
0	
0	
0	
0	
0	
0	
0	
0	
0	
0	
1	
0	
0	
0	
0	
0	
0	
0	
0	
0	
0	
0	
0	
0	
0	
0	
0	
0	
0	
0	
0	
0	
0	
0	
0	
0	
0	
0	
0	
0	
0	
0	
0	
0	
0	
0	
0	
0	
0	
0	
0	
1	
0	
0	
0	
0	
0	
0	
1	
0	
0	
0	
0	
0	
0	
0	
0	
0	
0	
0	
0	
0	
0	
0	
0	
0	
0	
0	
0	
0	
0	
0	
0	
0	
0	
0	
0	
0	
0	
0	
0	
0	
0	
0	
0	
0	
0	
0	
0	
0	
0	
0	
0	
0	
0	
0	
0	
0	
0	
0	
0	
0	
1	
0	
0	
0	
0	
0	
0	
0	
0	
0	
0	
0	
0	
0	
0	
0	
0	
0	
0	
0	
1	
0	
0	
0	
0	
0	
0	
0	
0	
0	
0	
0	
0	
0	
0	
0	
0	
0	
0	
0	
0	
0	
0	
0	
0	
0	
1	
0	
0	
0	
0	
0	
0	
0	
0	
0	
0	
0	
0	
0	
0	
0	
0	
0	
0	
0	
0	
0	
0	
0	
0	
0	
0	
0	
0	
0	
0	
0	
0	
0	
0	
0	
0	
0	
0	
0	
0	
0	
0	
0	
0	
0	
0	
0	
0	
0	
0	
0	
0	
0	
0	
0	
0	
0	
0	
0	
0	
0	
0	
0	
0	
0	
0	
1	
0	
0	
0	
0	
0	
0	
0	
0	
1	
0	
0	
0	
0	
0	
0	
0	
0	
0	
0	
0	
0	
0	
0	
0	
0	
0	
0	
0	
0	
0	
0	
0	
0	
0	
0	
0	
0	
0	
0	
0	
0	
0	
0	
0	
0	
0	
0	
0	
0	
0	
0	
0	
0	
0	
0	
0	
0	
0	
0	
0	
0	
0	
0	
0	
0	
0	
0	
1	
0	
0	
0	
0	
0	
0	
0	
0	
0	
0	
0	
0	
0	
0	
0	
0	
0	
0	
0	
0	
0	
0	
0	
0	
1	
0	
0	
0	
0	
0	
0	
1	
0	
0	
0	
0	
0	
0	
0	
0	
0	
0	
0	
0	
0	
0	
0	
0	
2	
0	
0	
0	
0	
0	
0	
0	
0	
0	
1	
0	
0	
0	
0	
0	
0	
0	
0	
0	
0	
0	
0	
0	
0	
0	
0	
0	
0	
0	
0	
0	
0	
0	
0	
1	
0	
0	
0	
1	
0	
0	
0	
0	
0	
0	
0	
0	
0	
0	
0	
0	
0	
0	
0	
0	
0	
0	
0	
0	
0	
0	
0	
0	
0	
0	
0	
0	
0	
0	
0	
0	
0	
0	
0	
0	
0	
1	
0	
0	
0	
0	
0	
0	
0	
0	
0	
0	
0	
0	
0	
0	
0	
0	
0	
0	
0	
0	
1	
0	
0	
0	
0	
0	
0	
0	
0	
0	
0	
0	
0	
0	
0	
0	
0	
0	
0	
0	
1	
0	
0	
0	
0	
0	
0	
0	
0	
0	
1	
0	
0	
0	
0	
0	
0	
0	
0	
0	
0	
0	
0	
0	
0	
0	
0	
0	
0	
0	
0	
0	
0	
0	
1	
0	
0	
0	
0	
1	
0	
0	
0	
1	
0	
0	
0	
0	
0	
0	
0	
0	
0	
0	
0	
0	
0	
0	
0	
0	
1	
0	
0	
0	
0	
0	
0	
0	
0	
0	
0	
0	
0	
0	
0	
0	
0	
0	
0	
0	
0	
0	
0	
0	
0	
0	
0	
0	
0	
0	
0	
0	
0	
0	
0	
0	
0	
1	
0	
0	
0	
0	
0	
0	
0	
0	
0	
0	
0	
0	
0	
0	
0	
1	
0	
0	
0	
0	
0	
0	
0	
0	
0	
0	
0	
0	
0	
0	
0	
0	
0	
0	
0	
0	
0	
0	
0	
1	
0	
0	
0	
0	
0	
0	
0	
1	
0	
0	
0	
0	
0	
0	
1	
0	
0	
0	
0	
0	
0	
0	
0	
0	
0	
0	
0	
0	
0	
0	
0	
0	
0	
0	
0	
0	
0	
0	
0	
0	
0	
0	
0	
0	
0	
0	
0	
0	
0	
0	
0	
0	
0	
0	
0	
0	
0	
0	
0	
0	
1	
0	
0	
0	
0	
0	
0	
0	
0	
0	
0	
0	
0	
0	
0	
15	
101	
349	
892	
1881	
3354	
4984	
6808	
8318	
9067	
9285	
9539	
9640	
9854	
9899	
9865	
10000	
9727	
9730	
9845	
9662	
9577	
9504	
9615	
9548	
9602	
9470	
9377	
9459	
9324	
9248	
9187	
9368	
9100	
9155	
9056	
9237	
9075	
9033	
8907	
8971	
8926	
8749	
8951	
8677	
8615	
8797	
8571	
8459	
8647	
8495	
8459	
8503	
8355	
8257	
8266	
8306	
8097	
8148	
8059	
8032	
7934	
8086	
7787	
7951	
7990	
7774	
7700	
7710	
7732	
7672	
7520	
7574	
7559	
7530	
7622	
7434	
7478	
7364	
7282	
7244	
7231	
7171	
7241	
7147	
7219	
7239	
7042	
6917	
7007	
7093	
6886	
7004	
6770	
6874	
6856	
6910	
6858	
6802	
6655	
6586	
6712	
6632	
6643	
6589	
6561	
6529	
6441	
6433	
6501	
6249	
6449	
6306	
6371	
6402	
6262	
6191	
6407	
6278	
6133	
6165	
6266	
5988	
6254	
6094	
6056	
6010	
6023	
6029	
6077	
6054	
5937	
6045	
5828	
5755	
5914	
5958	
5944	
5866	
5712	
5737	
5644	
5744	
5857	
5664	
5668	
5600	
5553	
5588	
5628	
5578	
5458	
5472	
5395	
5375	
5476	
5535	
5456	
5212	
5232	
5207	
5426	
5341	
5393	
5243	
5061	
5191	
5256	
5204	
5069	
5135	
5116	
5123	
5025	
4921	
5043	
4789	
4912	
4955	
4971	
4882	
4958	
5005	
4748	
4980	
4777	
4868	
4744	
4654	
4600	
4656	
4687	
4676	
4534	
4648	
4731	
4598	
4575	
4537	
4632	
4520	
4445	
4630	
4505	
4470	
4363	
4413	
4441	
4340	
4364	
4397	
4406	
4350	
4397	
4210	
4337	
4280	
4413	
4188	
4248	
4232	
4177	
4185	
4061	
4194	
4165	
4113	
4003	
4077	
4057	
4062	
4019	
3959	
3953	
3933	
4050	
3890	
3966	
3964	
3965	
4000	
3930	
3807	
3844	
3876	
3901	
3889	
3821	
3837	
3681	
3686	
3819	
3635	
3626	
3788	
3663	
3712	
3703	
3677	
3543	
3641	
3594	
3698	
3565	
3611	
3640	
3478	
3535	
3605	
3618	
3454	
3527	
3470	
3374	
3486	
3486	
3520	
3355	
3389	
3369	
3406	
3462	
3310	
3345	
3295	
3336	
3206	
3271	
3275	
3393	
3271	
3214	
3198	
3174	
3161	
3180	
3109	
3071	
3145	
3133	
3139	
3035	
3142	
3043	
2977	
2945	
3111	
3077	
3092	
2928	
2911	
2928	
2950	
3064	
2951	
3001	
2875	
2896	
2847	
2839	
2854	
2825	
2866	
2817	
2895	
2799	
2832	
2881	
2769	
2829	
2688	
2798	
2660	
2650	
2781	
2721	
2629	
2704	
2617	
2651	
2602	
2615	
2732	
2698	
2677	
2606	
2568	
2574	
2605	
2685	
2651	
2522	
2547	
2547	
2641	
2631	
2441	
2553	
2485	
2394	
2409	
2411	
2469	
2472	
2516	
2359	
2398	
2327	
2461	
2407	
2364	
2305	
2381	
2320	
2306	
2308	
2300	
2323	
2305	
2308	
2163	
2236	
2190	
2298	
2227	
2198	
2308	
2210	
2223	
2146	
2187	
2260	
2173	
2160	
2101	
2120	
2075	
2067	
2115	
2066	
2124	
2141	
2134	
2115	
2126	
2126	
2085	
2085	
1979	
2031	
1977	
2040	
1993	
2010	
2021	
2045	
1986	
1935	
1938	
2011	
2015	
2001	
1961	
1923	
1899	
1985	
1863	
1911	
1877	
1970	
1893	
1904	
1827	
1870	
1849	
1872	
1893	
1824	
1803	
1871	
1817	
1800	
1791	
1769	
1753	
1816	
1812	
1749	
1791	
1706	
1694	
1711	
1696	
1794	
1712	
1621	
1671	
1739	
1699	
1624	
1651	
1744	
1711	
1590	
1738	
1697	
1516	
1624	
1587	
1622	
1591	
1620	
1588	
1666	
1501	
1569	
1562	
1530	
1522	
1595	
1552	
1575	
1484	
1594	
1519	
1575	
1581	
1520	
1498	
1441	
1541	
1533	
1443	
1521	
1466	
1465	
1402	
1480	
1459	
1436	
1434	
1453	
1350	
1409	
1359	
1408	
1400	
1296	
1396	
1344	
1361	
1412	
1360	
1372	
1387	
1307	
1345	
1323	
1296	
1295	
1290	
1150	
1268	
1348	
1352	
1266	
1232	
1325	
1282	
1315	
1278	
1236	
1333	
1277	
1194	
1232	
1234	
1249	
1257	
1299	
1242	
1226	
1206	
1238	
1133	
1264	
1255	
1211	
1221	
1230	
1170	
1191	
1187	
1206	
1251	
1140	
1162	
1179	
1117	
1136	
1184	
1131	
1160	
1156	
1109	
1119	
1121	
1077	
1097	
1139	
1105	
1091	
1060	
1141	
1044	
1072	
1037	
994	
1030	
1073	
1100	
1064	
1042	
1084	
967	
1020	
1014	
1028	
1006	
997	
984	
1012	
969	
970	
1030	
1010	
935	
997	
938	
972	
998	
952	
1003	
997	
942	
977	
943	
949	
915	
1027	
936	
900	
897	
937	
860	
881	
911	
873	
929	
920	
864	
943	
901	
904	
880	
831	
896	
863	
823	
887	
895	
845	
792	
809	
810	
803	
816	
892	
821	
857	
806	
873	
814	
776	
820	
868	
818	
837	
798	
764	
758	
857	
746	
803	
790	
774	
754	
784	
760	
773	
761	
785	
750	
773	
793	
724	
752	
759	
746	
763	
727	
747	
722	
732	
689	
808	
766	
678	
721	
711	
683	
741	
681	
703	
704	
638	
670	
703	
681	
696	
670	
695	
582	
681	
642	
650	
670	
676	
644	
662	
653	
629	
682	
625	
642	
656	
649	
593	
639	
660	
662	
662	
638	
591	
666	
637	
619	
592	
606	
609	
656	
536	
608	
595	
561	
558	
574	
625	
634	
549	
560	
590	
574	
607	
594	
617	
582	
561	
550	
558	
592	
556	
582	
549	
537	
538	
557	
561	
557	
529	
537	
530	
523	
556	
582	
520	
577	
507	
507	
535	
481	
505	
520	
497	
474	
557	
539	
513	
500	
478	
542	
508	
465	
480	
455	
508	
499	
483	
477	
466	
499	
432	
533	
484	
460	
438	
470	
444	
453	
465	
475	
476	
446	
452	
419	
421	
443	
429	
467	
443	
460	
447	
470	
455	
476	
471	
482	
425	
430	
421	
466	
439	
417	
411	
389	
424	
463	
374	
409	
400	
403	
375	
456	
374	
416	
427	
439	
400	
395	
386	
408	
401	
406	
392	
393	
420	
404	
372	
401	
386	
415	
373	
391	
361	
401	
392	
356	
355	
380	
370	
377	
416	
357	
360	
345	
377	
365	
373	
365	
352	
386	
340	
321	
375	
355	
368	
338	
327	
327	
355	
354	
361	
360	
325	
359	
323	
342	
313	
351	
330	
334	
339	
312	
334	
324	
315	
331	
348	
303	
343	
313	
320	
306	
314	
308	
270	
313	
286	
302	
306	
271	
259	
281	
277	
303	
320	
300	
262	
315	
283	
285	
290	
305	
305	
268	
275	
280	
281	
280	
272	
280	
290	
277	
280	
263	
289	
283	
279	
257	
271	
245	
260	
286	
256	
255	
267	
276	
273	
257	
255	
272	
257	
234	
278	
218	
258	
239	
257	
261	
249	
246	
239	
252	
240	
246	
236	
226	
246	
224	
264	
249	
230	
229	
252	
245	
269	
238	
233	
245	
262	
226	
227	
254	
211	
215	
197	
248	
227	
234	
248	
203	
230	
211	
198	
230	
214	
217	
218	
199	
211	
194	
231	
199	
205	
236	
227	
198	
235	
210	
170	
225	
206	
199	
197	
193	
189	
207	
215	
211	
185	
176	
218	
180	
189	
204	
193	
188	
175	
194	
187	
163	
175	
164	
187	
189	
173	
197	
184	
185	
176	
208	
197	
177	
187	
163	
190	
165	
200	
153	
185	
171	
189	
178	
174	
172	
156	
170	
186	
169	
173	
151	
183	
178	
163	
177	
162	
151	
153	
164	
167	
170	
157	
164	
156	
173	
153	
144	
139	
150	
166	
162	
154	
151	
168	
157	
162	
141	
161	
142	
135	
160	
159	
137	
146	
140	
139	
150	
136	
130	
139	
160	
136	
164	
150	
130	
148	
135	
145	
148	
113	
130	
140	
128	
125	
130	
141	
126	
132	
106	
144	
122	
128	
134	
118	
127	
128	
128	
128	
135	
144	
126	
141	
123	
125	
124	
127	
127	
150	
119	
117	
106	
143	
113	
121	
126	
123	
110	
123	
111	
126	
118	
120	
124	
122	
127	
121	
119	
104	
108	
123	
110	
123	
109	
107	
111	
123	
115	
97	
116	
122	
118	
116	
99	
114	
94	
98	
101	
106	
105	
111	
98	
91	
109	
95	
101	
101	
121	
105	
101	
119	
101	
102	
97	
96	
101	
107	
95	
120	
99	
97	
112	
102	
98	
88	
100	
106	
107	
89	
102	
101	
89	
112	
99	
104	
96	
91	
93	
103	
86	
103	
95	
72	
86	
106	
107	
96	
102	
81	
87	
79	
90	
97	
100	
99	
67	
78	
98	
102	
91	
88	
81	
92	
88	
86	
77	
90	
87	
99	
77	
70	
98	
74	
71	
88	
85	
79	
85	
64	
88	
78	
89	
60	
69	
81	
88	
88	
94	
75	
73	
80	
60	
74	
81	
77	
84	
74	
67	
65	
89	
64	
72	
65	
71	
77	
69	
68	
70	
57	
78	
61	
67	
67	
73	
74	
67	
60	
64	
52	
50	
61	
71	
61	
68	
70	
66	
65	
70	
64	
59	
78	
62	
70	
72	
63	
68	
64	
66	
58	
62	
64	
66	
53	
45	
54	
55	
63	
51	
51	
62	
69	
56	
63	
57	
70	
41	
38	
53	
53	
62	
63	
54	
57	
54	
52	
61	
55	
49	
50	
44	
62	
42	
49	
50	
64	
54	
50	
65	
56	
55	
56	
57	
46	
59	
50	
59	
46	
58	
51	
56	
45	
41	
50	
50	
45	
42	
48	
42	
60	
43	
45	
48	
58	
45	
40	
69	
50	
50	
43	
48	
46	
53	
46	
54	
47	
39	
42	
43	
49	
44	
53	
47	
48	
42	
44	
43	
42	
43	
40	
47	
44	
51	
45	
41	
41	
53	
48	
49	
53	
41	
45	
51	
34	
48	
42	
32	
48	
42	
39	
39	
35	
53	
35	
43	
35	
35	
30	
38	
40	
36	
33	
43	
36	
27	
50	
37	
37	
31	
30	
33	
42	
31	
44	
33	
35	
30	
42	
31	
32	
38	
46	
45	
35	
34	
33	
32	
29	
41	
34	
36	
34	
45	
30	
30	
34	
27	
38	
37	
30	
29	
31	
38	
35	
34	
35	
31	
31	
31	
33	
30	
20	
35	
26	
38	
38	
36	
32	
32	
26	
28	
33	
32	
26	
34	
33	
38	
33	
30	
34	
22	
39	
28	
34	
27	
30	
24	
21	
26	
28	
23	
24	
28	
33	
33	
29	
29	
23	
29	
29	
25	
27	
32	
28	
34	
24	
27	
22	
28	
31	
21	
24	
30	
29	
22	
31	
14	
28	
24	
28	
26	
28	
22	
20	
27	
27	
24	
21	
24	
20	
36	
22	
19	
24	
28	
33	
25	
24	
22	
22	
23	
25	
21	
25	
24	
26	
22	
22	
24	
16	
31	
22	
23	
21	
16	
31	
18	
33	
20	
23	
22	
22	
20	
26	
28	
23	
22	
18	
23	
22	
18	
25	
24	
22	
13	
18	
24	
18	
30	
22	
22	
24	
20	
21	
22	
14	
19	
12	
31	
26	
9	
20	
24	
22	
24	
27	
19	
25	
20	
25	
23	
23	
16	
7	
15	
19	
17	
22	
14	
26	
21	
18	
22	
14	
21	
18	
23	
19	
12	
14	
25	
14	
14	
18	
17	
17	
19	
13	
23	
22	
20	
12	
12	
11	
14	
15	
13	
17	
15	
14	
10	
16	
16	
19	
18	
15	
15	
22	
18	
20	
12	
17	
18	
12	
19	
17	
11	
15	
12	
14	
10	
5	
17	
14	
14	
15	
11	
15	
12	
17	
17	
11	
9	
7	
20	
10	
14	
12	
12	
11	
16	
16	
15	
15	
14	
15	
10	
10	
15	
16	
14	
9	
11	
14	
11	
7	
7	
10	
20	
16	
16	
14	
9	
11	
8	
17	
13	
20	
13	
14	
12	
7	
19	
17	
17	
14	
15	
9	
20	
10	
10	
6	
15	
14	
9	
11	
9	
6	
10	
11	
7	
7	
10	
12	
9	
19	
10	
14	
8	
11	
17	
8	
5	
8	
7	
11	
13	
8	
18	
10	
13	
8	
15	
8	
13	
10	
12	
9	
13	
15	
9	
7	
11	
3	
10	
11	
14	
14	
6	
10	
12	
9	
8	
13	
12	
11	
13	
4	
9	
10	
11	
12	
1	
7	
2	
12	
9	
10	
9	
3	
16	
7	
6	
5	
10	
12	
10	
11	
10	
11	
10	
11	
6	
6	
9	
8	
5	
7	
8	
9	
7	
11	
13	
7	
8	
3	
4	
6	
7	
9	
7	
9	
12	
11	
8	
9	
1	
12	
9	
15	
7	
9	
4	
10	
6	
13	
10	
7	
9	
6	
7	
4	
2	
5	
5	
6	
11	
8	
6	
4	
3	
7	
8	
7	
6	
5	
7	
4	
9	
2	
4	
10	
4	
10	
5	
7	
5	
10	
13	
9	
5	
7	
5	
4	
6	
6	
7	
7	
5	
7	
10	
5	
7	
3	
8	
4	
5	
7	
7	
3	
8	
4	
9	
3	
7	
7	
8	
9	
6	
4	
6	
6	
11	
7	
2	
8	
7	
7	
9	
10	
5	
2	
6	
4	
6	
6	
6	
8	
5	
3	
7	
1	
5	
7	
4	
9	
5	
9	
8	
4	
5	
1	
7	
6	
6	
3	
4	
9	
6	
9	
7	
5	
7	
6	
3	
4	
4	
4	
4	
8	
3	
6	
5	
4	
1	
6	
4	
4	
4	
3	
5	
3	
6	
3	
4	
6	
4	
4	
7	
5	
3	
2	
7	
7	
7	
4	
3	
8	
6	
3	
1	
8	
3	
1	
5	
7	
5	
4	
7	
3	
6	
8	
2	
5	
4	
1	
7	
7	
4	
3	
0	
7	
6	
5	
6	
3	
4	
6	
0	
6	
6	
2	
3	
2	
7	
2	
3	
3	
3	
5	
3	
2	
6	
2	
2	
3	
4	
7	
5	
4	
5	
4	
4	
1	
6	
3	
1	
4	
3	
4	
5	
4	
4	
4	
3	
4	
2	
3	
4	
2	
1	
4	
1	
2	
6	
5	
3	
3	
4	
1	
4	
1	
2	
5	
3	
1	
1	
1	
4	
1	
1	
7	
1	
0	
5	
4	
1	
5	
3	
2	
3	
3	
2	
2	
4	
0	
2	
1	
4	
1	
1	
4	
6	
3	
2	
2	
6	
5	
2	
3	
2	
3	
3	
5	
3	
1	
3	
5	
3	
1	
2	
3	
3	
0	
4	
2	
2	
3	
1	
4	
2	
3	
1	
3	
4	
3	
3	
2	
0	
2	
1	
5	
3	
4	
4	
2	
1	
3	
5	
3	
2	
0	
1	
4	
5	
2	
1	
2	
2	
1	
1	
4	
0	
2	
1	
1	
2	
2	
3	
3	
1	
5	
1	
2	
1	
3	
2	
4	
2	
2	
1	
4	
1	
3	
2	
5	
2	
2	
1	
0	
1	
1	
0	
0	
1	
1	
3	
3	
0	
1	
1	
2	
3	
0	
1	
0	
6	
0	
4	
0	
3	
3	
2	
2	
2	
1	
1	
1	
0	
1	
1	
2	
0	
0	
2	
2	
2	
1	
1	
1	
1	
1	
0	
3	
1	
4	
0	
0	
1	
2	
2	
0	
2	
2	
2	
2	
1	
1	
2	
3	
2	
0	
1	
1	
0	
2	
0	
1	
0	
5	
1	
2	
4	
3	
2	
2	
1	
1	
0	
0	
0	
0	
2	
2	
1	
0	
2	
4	
2	
3	
1	
4	
1	
0	
2	
2	
0	
0	
0	
2	
2	
0	
2	
4	
1	
3	
2	
1	
1	
0	
1	
1	
4	
0	
0	
2	
1	
3	
0	
1	
0	
1	
1	
1	
0	
2	
0	
0	
0	
1	
1	
3	
1	
1	
1	
1	
4	
1	
2	
1	
1	
1	
1	
4	
0	
3	
1	
1	
1	
1	
1	
0	
0	
0	
1	
0	
2	
1	
1	
1	
1	
0	
1	
4	
0	
1	
0	
3	
0	
1	
1	
0	
2	
1	
1	
0	
0	
0	
2	
0	
1	
2	
1	
1	
0	
1	
0	
1	
1	
2	
1	
3	
2	
0	
1	
2	
0	
0	
1	
0	
0	
2	
0	
0	
0	
0	
0	
1	
3	
0	
1	
0	
0	
0	
1	
3	
0	
0	
0	
2	
1	
0	
1	
2	
1	
0	
1	
0	
0	
0	
1	
0	
1	
1	
0	
1	
1	
0	
1	
0	
1	
1	
0	
2	
0	
1	
0	
1	
0	
0	
0	
1	
1	
0	
0	
1	
1	
1	
1	
0	
1	
0	
1	
2	
0	
0	
1	
1	
0	
0	
0	
0	
0	
1	
0	
1	
2	
1	
0	
1	
0	
0	
0	
0	
1	
0	
1	
1	
0	
0	
0	
0	
0	
1	
0	
0	
2	
0	
1	
1	
1	
0	
0	
0	
2	
0	
0	
2	
0	
0	
0	
0	
2	
0	
0	
0	
1	
0	
1	
1	
0	
1	
2	
1	
0	
1	
0	
0	
0	
2	
0	
0	
1	
2	
0	
0	
2	
2	
0	
0	
1	
0	
1	
0	
0	
1	
1	
1	
0	
1	
1	
0	
0	
2	
1	
0	
0	
1	
1	
0	
0	
0	
0	
2	
0	
0	
1	
1	
0	
2	
0	
0	
0	
1	
0	
0	
0	
0	
0	
1	
1	
0	
0	
1	
0	
1	
0	
2	
1	
1	
2	
0	
0	
0	
0	
0	
0	
1	
0	
1	
0	
0	
0	
1	
1	
0	
0	
0	
0	
0	
0	
0	
2	
0	
0	
0	
0	
1	
1	
0	
1	
1	
0	
1	
1	
0	
0	
2	
0	
0	
0	
2	
1	
0	
1	
1	
0	
0	
1	
0	
1	
0	
0	
0	
1	
0	
0	
1	
0	
0	
0	
0	
1	
0	
1	
0	
0	
0	
0	
1	
1	
0	
0	
0	
0	
1	
0	
0	
1	
0	
0	
0	
0	
0	
0	
0	
0	
0	
2	
1	
0	
1	
0	
0	
0	
1	
0	
0	
1	
0	
1	
0	
0	
0	
0	
1	
1	
0	
0	
0	
0	
2	
0	
0	
0	
0	
0	
0	
2	
0	
1	
1	
0	
1	
2	
0	
0	
1	
1	
0	
0	
0	
0	
0	
2	
0	
0	
0	
0	
0	
1	
0	
3	
0	
0	
0	
1	
0	
0	
0	
0	
1	
0	
2	
0	
0	
0	
0	
1	
0	
0	
0	
0	
0	
0	
0	
0	
1	
0	
0	
1	
2	
0	
1	
0	
2	
0	
0	
1	
1	
1	
1	
0	
0	
1	
1	
0	
1	
1	
2	
0	
0	
1	
0	
0	
1	
1	
0	
0	
0	
2	
0	
2	
0	
0	
2	
2	
0	
3	
3	
0	
1	
0	
2	
0	
1	
2	
1	
1	
0	
1	
1	
2	
2	
1	
0	
2	
1	
2	
2	
2	
3	
4	
2	
1	
2	
1	
2	
6	
2	
0	
1	
9	
1	
1	
3	
2	
1	
2	
3	
1	
0	
2	
3	
3	
1	
3	
5	
2	
4	
3	
0	
4	
2	
2	
2	
6	
7	
1	
2	
1	
4	
2	
0	
1	
0	
3	
3	
1	
3	
2	
4	
1	
5	
2	
4	
7	
1	
4	
2	
1	
2	
3	
2	
5	
4	
5	
4	
4	
7	
0	
2	
1	
5	
2	
3	
3	
2	
2	
4	
4	
5	
3	
4	
4	
1	
5	
0	
3	
3	
2	
3	
6	
3	
3	
8	
5	
5	
1	
3	
1	
1	
7	
2	
3	
6	
1	
3	
2	
3	
8	
3	
4	
10	
4	
2	
7	
1	
2	
3	
2	
5	
4	
3	
3	
1	
0	
3	
1	
2	
3	
2	
1	
3	
3	
5	
3	
1	
3	
3	
3	
6	
0	
1	
2	
4	
1	
1	
4	
6	
1	
3	
3	
4	
2	
3	
3	
2	
2	
1	
4	
1	
3	
5	
3	
7	
3	
3	
4	
0	
2	
2	
1	
1	
4	
3	
2	
4	
2	
0	
3	
3	
2	
5	
2	
1	
4	
2	
1	
3	
2	
2	
5	
1	
6	
3	
1	
1	
0	
0	
4	
2	
0	
1	
2	
2	
1	
1	
0	
2	
0	
2	
1	
2	
0	
1	
3	
2	
2	
2	
2	
2	
1	
3	
2	
0	
4	
1	
1	
0	
6	
2	
2	
7	
2	
5	
1	
0	
0	
1	
3	
2	
0	
3	
0	
3	
3	
1	
2	
0	
2	
1	
2	
0	
1	
2	
5	
2	
0	
2	
4	
0	
1	
2	
7	
2	
1	
6	
0	
3	
2	
1	
1	
0	
3	
1	
0	
1	
4	
2	
2	
4	
0	
1	
1	
2	
1	
1	
1	
2	
3	
1	
3	
4	
1	
1	
1	
1	
1	
1	
0	
1	
4	
0	
1	
0	
0	
2	
1	
3	
3	
1	
0	
1	
1	
0	
0	
0	
3	
5	
0	
0	
1	
1	
0	
1	
0	
4	
1	
2	
0	
5	
1	
1	
0	
1	
2	
3	
0	
1	
0	
2	
0	
1	
1	
1	
3	
0	
1	
3	
0	
1	
1	
1	
1	
0	
1	
2	
1	
0	
3	
1	
0	
1	
0	
0	
2	
0	
0	
1	
1	
1	
0	
1	
0	
1	
1	
0	
1	
2	
0	
1	
0	
0	
0	
1	
1	
4	
1	
2	
2	
1	
0	
2	
2	
3	
0	
0	
2	
0	
0	
0	
3	
0	
2	
0	
0	
2	
1	
0	
0	
2	
2	
0	
1	
1	
1	
1	
1	
1	
2	
1	
0	
1	
2	
2	
1	
0	
1	
0	
2	
1	
2	
0	
0	
1	
1	
1	
0	
2	
2	
0	
1	
0	
0	
2	
1	
1	
0	
0	
1	
1	
3	
0	
0	
2	
2	
0	
1	
1	
0	
1	
0	
2	
1	
2	
2	
1	
1	
0	
0	
1	
1	
0	
0	
0	
1	
0	
0	
2	
0	
0	
0	
1	
0	
0	
3	
0	
3	
0	
2	
1	
0	
0	
1	
1	
1	
0	
0	
1	
2	
1	
0	
0	
0	
0	
0	
0	
0	
0	
0	
1	
0	
1	
0	
0	
2	
0	
2	
0	
1	
0	
1	
0	
2	
0	
0	
0	
0	
0	
0	
0	
0	
0	
0	
0	
0	
2	
2	
1	
1	
0	
1	
2	
0	
1	
0	
2	
2	
0	
2	
1	
0	
0	
0	
0	
1	
0	
2	
1	
0	
0	
0	
0	
1	
0	
0	
0	
0	
0	
1	
1	
0	
0	
0	
1	
2	
0	
0	
0	
1	
1	
0	
0	
1	
1	
2	
1	
0	
0	
0	
0	
1	
2	
0	
0	
0	
1	
1	
0	
0	
0	
1	
1	
1	
0	
0	
0	
0	
0	
0	
1	
0	
0	
0	
0	
0	
2	
0	
1	
0	
1	
0	
0	
2	
0	
1	
2	
0	
1	
0	
1	
0	
0	
0	
0	
0	
0	
0	
1	
1	
0	
1	
0	
0	
0	
0	
0	
0	
0	
0	
2	
0	
1	
0	
0	
1	
0	
0	
0	
0	
0	
0	
1	
1	
0	
1	
1	
2	
0	
0	
0	
1	
0	
0	
0	
1	
0	
0	
0	
0	
0	
0	
2	
0	
2	
0	
0	
0	
1	
1	
0	
0	
0	
0	
0	
0	
2	
0	
0	
0	
0	
1	
1	
0	
0	
0	
0	
0	
1	
1	
1	
0	
1	
1	
0	
2	
3	
1	
0	
0	
0	
0	
0	
1	
0	
1	
1	
0	
0	
0	
0	
0	
1	
0	
1	
2	
0	
2	
0	
1	
0	
0	
0	
1	
0	
0	
0	
0	
0	
1	
0	
0	
0	
0	
1	
1	
0	
0	
0	
2	
0	
0	
0	
1	
1	
0	
0	
1	
0	
0	
0	
1	
0	
0	
0	
0	
0	
1	
0	
1	
0	
0	
0	
0	
0	
0	
0	
1	
0	
0	
1	
0	
0	
0	
0	
1	
0	
0	
1	
0	
0	
0	
0	
0	
0	
2	
0	
0	
0	
1	
1	
1	
0	
0	
0	
0	
0	
0	
0	
1	
0	
0	
0	
0	
0	
1	
0	
0	
0	
0	
0	
0	
0	
0	
1	
0	
0	
0	
0	
0	
1	
0	
0	
1	
0	
0	
0	
0	
0	
0	
0	
2	
0	
0	
0	
0	
0	
0	
0	
0	
0	
0	
0	
0	
0	
0	
0	
0	
1	
0	
0	
0	
1	
1	
0	
0	
0	
0	
0	
1	
1	
0	
1	
0	
0	
0	
0	
0	
2	
0	
0	
0	
0	
0	
0	
0	
0	
0	
0	
0	
0	
0	
0	
0	
0	
1	
0	
0	
1	
0	
0	
2	
0	
0	
0	
1	
0	
0	
0	
0	
0	
0	
0	
0	
1	
0	
0	
0	
0	
0	
0	
0	
2	
0	
1	
0	
0	
0	
0	
0	
0	
0	
0	
0	
0	
0	
0	
0	
1	
1	
0	
1	
0	
0	
1	
0	
0	
0	
0	
0	
0	
0	
0	
0	
0	
0	
0	
0	
0	
0	
0	
0	
0	
0	
0	
1	
0	
0	
0	
0	
0	
0	
0	
1	
0	
1	
0	
0	
0	
0	
0	
0	
0	
0	
0	
0	
0	
0	
0	
0	
0	
0	
0	
0	
0	
0	
0	
0	
0	
0	
0	
0	
1	
0	
0	
0	
0	
0	
0	
0	
0	
0	
0	
0	
0	
1	
0	
0	
0	
0	
0	
0	
0	
0	
0	
2	
0	
0	
0	
0	
0	
0	
0	
0	
1	
0	
0	
0	
0	
0	
0	
0	
0	
0	
1	
0	
0	
0	
0	
0	
0	
0	
1	
0	
0	
0	
0	
0	
0	
0	
0	
0	
0	
0	
0	
0	
1	
0	
1	
0	
0	
0	
1	
0	
0	
0	
0	
0	
0	
0	
0	
0	
0	
0	
0	
0	
1	
0	
0	
0	
0	
0	
0	
1	
0	
0	
0	
0	
0	
0	
0	
0	
1	
0	
0	
0	
0	
0	
0	
0	
0	
0	
1	
1	
0	
0	
0	
0	
0	
0	
0	
0	
0	
0	
0	
0	
0	
0	
0	
0	
1	
0	
0	
0	
0	
0	
0	
0	
0	
0	
0	
0	
1	
0	
0	
0	
0	
0	
0	
0	
0	
0	
0	
0	
0	
0	
0	
0	
1	
0	
0	
0	
0	
0	
0	
0	
0	
0	
0	
0	
0	
0	
0	
1	
0	
0	
0	
0	
0	
0	
0	
0	
0	
0	
0	
0	
0	
0	
0	
0	
0	
0	
1	
0	
0	
0	
0	
0	
0	
0	
1	
0	
0	
0	
0	
0	
0	
0	
0	
0	
0	
0	
0	
0	
0	
0	
0	
2	
0	
0	
0	
0	
0	
0	
0	
0	
0	
0	
1	
0	
0	
0	
0	
0	
0	
0	
0	
0	
0	
0	
0	
0	
0	
0	
0	
0	
0	
0	
0	
0	
1	
0	
0	
1	
0	
0	
0	
0	
0	
0	
0	
0	
0	
0	
0	
1	
0	
0	
0	
0	
0	
0	
0	
0	
0	
0	
0	
0	
0	
0	
0	
0	
0	
0	
0	
1	
1	
0	
0	
0	
0	
0	
0	
0	
0	
0	
0	
0	
1	
0	
0	
0	
0	
0	
0	
0	
0	
0	
0	
0	
0	
0	
0	
0	
0	
0	
1	
0	
0	
0	
0	
0	
0	
0	
0	
0	
2	
0	
0	
0	
0	
0	
0	
0	
0	
1	
1	
0	
1	
0	
0	
0	
0	
0	
0	
0	
0	
0	
0	
0	
0	
0	
0	
0	
0	
1	
0	
0	
0	
0	
0	
0	
0	
0	
0	
0	
1	
0	
0	
0	
0	
0	
0	
0	
0	
0	
0	
0	
0	
0	
0	
0	
0	
0	
0	
0	
1	
0	
0	
1	
0	
0	
0	
0	
0	
0	
0	
0	
0	
0	
0	
0	
0	
0	
0	
0	
0	
0	
0	
0	
0	
0	
0	
0	
0	
0	
0	
0	
0	
0	
0	
0	
0	
0	
0	
0	
0	
0	
0	
0	
0	
0	
0	
0	
0	
0	
0	
0	
0	
0	
1	
0	
0	
0	
0	
0	
0	
0	
0	
0	
0	
0	
1	
0	
1	
0	
0	
0	
0	
0	
0	
0	
0	
0	
0	
0	
0	
0	
2	
0	
0	
0	
0	
0	
0	
0	
0	
0	
0	
0	
0	
0	
0	
0	
0	
0	
0	
0	
0	
0	
0	
1	
0	
0	
1	
0	
0	
1	
0	
0	
0	
0	
0	
0	
0	
0	
0	
0	
1	
0	
0	
0	
2	
0	
0	
0	
0	
0	
0	
0	
0	
0	
0	
0	
0	
0	
0	
0	
0	
0	
0	
0	
0	
0	
0	
0	
0	
0	
0	
0	
0	
0	
0	
0	
0	
0	
0	
0	
0	
0	
0	
0	
0	
0	
0	
0	
0	
0	
0	
0	
0	
1	
0	
0	
1	
0	
0	
0	
1	
0	
0	
0	
0	
0	
0	
0	
1	
0	
0	
0	
0	
0	
0	
0	
0	
1	
0	
0	
0	
0	
0	
0	
0	
0	
0	
0	
0	
0	
0	
0	
0	
0	
0	
0	
0	
0	
0	
0	
1	
0	
0	
0	
0	
0	
0	
2	
0	
0	
0	
0	
0	
0	
1	
0	
0	
0	
0	
0	
1	
0	
0	
0	
0	
0	
0	
0	
0	
0	
0	
0	
0	
1	
0	
1	
0	
0	
0	
0	
0	
0	
0	
0	
0	
0	
1	
0	
1	
0	
0	
1	
0	
0	
0	
1	
0	
0	
0	
0	
0	
0	
0	
1	
0	
0	
0	
1	
0	
0	
0	
0	
0	
0	
0	
1	
0	
0	
0	
0	
0	
0	
0	
0	
0	
0	
0	
0	
0	
0	
0	
0	
0	
0	
0	
0	
1	
0	
1	
0	
0	
0	
1	
0	
0	
0	
0	
0	
0	
1	
0	
0	
0	
0	
0	
0	
0	
0	
0	
0	
0	
0	
0	
0	
0	
0	
0	
0	
0	
1	
0	
0	
0	
1	
0	
0	
0	
0	
0	
0	
0	
0	
0	
0	
0	
0	
0	
0	
0	
0	
0	
0	
0	
0	
0	
0	
0	
0	
0	
0	
1	
0	
0	
0	
0	
0	
0	
0	
1	
0	
0	
0	
0	
0	
0	
0	
0	
0	
0	
0	
0	
1	
0	
0	
0	
0	
1	
0	
0	
0	
0	
0	
0	
0	
0	
0	
0	
0	
0	
0	
0	
0	
1	
1	
0	
0	
0	
0	
0	
1	
0	
0	
0	
0	
0	
0	
0	
0	
0	
0	
0	
0	
0	
0	
0	
0	
1	
0	
0	
0	
0	
0	
0	
0	
0	
1	
0	
0	
0	
0	
0	
0	
0	
0	
0	
0	
0	
0	
0	
0	
0	
0	
0	
0	
0	
0	
1	
0	
0	
0	
0	
0	
0	
0	
0	
0	
0	
0	
0	
0	
0	
0	
0	
0	
1	
0	
0	
0	
0	
0	
0	
0	
0	
0	
0	
0	
0	
0	
0	
0	
0	
0	
0	
0	
0	
0	
0	
0	
0	
0	
0	
0	
0	
0	
0	
0	
0	
0	
0	
0	
0	
0	
0	
0	
0	
0	
0	
0	
0	
0	
0	
0	
0	
0	
0	
0	
0	
0	
0	
0	
0	
0	
0	
0	
0	
1	
0	
0	
0	
0	
0	
0	
0	
1	
0	
0	
0	
0	
0	
2	
0	
0	
0	
0	
0	
0	
1	
0	
0	
0	
1	
0	
0	
0	
0	
0	
0	
0	
0	
0	
0	
0	
0	
1	
0	
0	
0	
0	
0	
0	
0	
0	
0	
1	
0	
0	
1	
0	
0	
0	
0	
0	
0	
0	
0	
0	
0	
0	
0	
0	
0	
0	
0	
0	
0	
0	
0	
0	
0	
0	
1	
0	
0	
0	
0	
0	
0	
0	
0	
0	
0	
0	
0	
0	
0	
0	
0	
0	
0	
0	
0	
1	
0	
0	
0	
1	
0	
0	
0	
0	
0	
1	
0	
0	
0	
0	
0	
0	
0	
0	
0	
0	
0	
0	
0	
0	
0	
0	
0	
0	
0	
0	
0	
0	
0	
0	
0	
0	
0	
0	
0	
0	
1	
0	
0	
0	
0	
0	
0	
0	
0	
1	
0	
0	
0	
0	
2	
0	
0	
0	
1	
0	
0	
0	
2	
0	
2	
0	
0	
0	
0	
0	
0	
0	
0	
0	
0	
0	
0	
0	
0	
0	
0	
1	
2	
0	
0	
0	
0	
0	
0	
0	
0	
0	
0	
0	
0	
0	
0	
0	
1	
0	
0	
0	
0	
0	
0	
1	
0	
0	
0	
1	
0	
0	
0	
0	
0	
0	
0	
0	
0	
0	
1	
1	
0	
1	
0	
0	
0	
0	
0	
0	
0	
0	
0	
0	
0	
0	
0	
0	
0	
0	
0	
0	
1	
0	
0	
1	
2	
0	
1	
0	
0	
0	
0	
0	
0	
0	
0	
0	
1	
0	
0	
0	
0	
0	
0	
0	
0	
0	
0	
0	
0	
0	
1	
0	
0	
0	
0	
1	
1	
0	
0	
0	
0	
0	
0	
0	
0	
0	
0	
0	
0	
0	
0	
0	
2	
0	
0	
1	
0	
1	
0	
0	
0	
2	
0	
0	
0	
0	
0	
0	
0	
0	
0	
0	
0	
0	
0	
0	
2	
0	
1	
0	
0	
1	
0	
0	
0	
0	
0	
1	
0	
0	
1	
0	
0	
0	
0	
1	
0	
0	
0	
0	
0	
0	
0	
0	
1	
0	
0	
0	
0	
0	
0	
0	
0	
0	
0	
1	
0	
0	
1	
0	
0	
0	
1	
0	
1	
0	
0	
0	
1	
0	
0	
0	
0	
0	
0	
1	
0	
0	
0	
1	
0	
0	
0	
0	
0	
0	
0	
0	
0	
0	
1	
1	
0	
0	
0	
0	
0	
0	
1	
0	
0	
1	
0	
0	
0	
0	
0	
0	
0	
0	
0	
1	
0	
0	
1	
1	
0	
0	
0	
1	
1	
0	
0	
0	
0	
0	
1	
1	
0	
0	
1	
1	
0	
0	
1	
0	
0	
0	
0	
2	
0	
0	
0	
0	
0	
0	
0	
1	
0	
0	
1	
0	
0	
0	
1	
1	
0	
0	
0	
0	
1	
0	
0	
0	
0	
1	
0	
0	
0	
0	
0	
0	
0	
0	
0	
1	
0	
0	
0	
0	
0	
0	
0	
0	
0	
0	
2	
0	
1	
0	
0	
0	
0	
1	
0	
0	
1	
0	
0	
0	
0	
0	
0	
0	
1	
0	
0	
1	
0	
0	
0	
0	
1	
0	
0	
1	
0	
0	
0	
0	
0	
0	
0	
0	
0	
0	
0	
0	
0	
0	
0	
0	
0	
0	
0	
1	
0	
1	
0	
0	
0	
0	
0	
0	
0	
0	
1	
0	
0	
0	
0	
0	
0	
0	
0	
1	
0	
0	
0	
0	
0	
0	
0	
0	
0	
0	
0	
0	
0	
0	
0	
0	
0	
0	
1	
0	
0	
0	
1	
0	
0	
1	
0	
0	
0	
1	
0	
0	
0	
0	
1	
2	
0	
0	
0	
0	
0	
0	
0	
0	
0	
0	
0	
0	
0	
0	
0	
0	
0	
0	
0	
0	
0	
1	
0	
0	
0	
0	
0	
0	
0	
0	
0	
0	
0	
0	
1	
0	
0	
0	
1	
0	
0	
0	
0	
0	
0	
0	
2	
0	
0	
0	
0	
