#PicoHarp 300  Histogram Data			15/12/2022 04:44:44 PM
#channels per curve
6250
#display curve no.
0	
#memory block no.
0	
#ns/channel
0.0160	
#counts
0	
0	
0	
0	
0	
0	
0	
0	
0	
0	
0	
0	
0	
0	
0	
0	
0	
0	
0	
0	
0	
0	
0	
0	
0	
0	
1	
0	
0	
0	
0	
0	
0	
0	
0	
0	
0	
0	
0	
0	
0	
0	
0	
0	
0	
0	
0	
0	
0	
0	
0	
0	
0	
0	
0	
0	
0	
0	
0	
0	
0	
0	
0	
0	
0	
0	
0	
0	
0	
0	
0	
0	
0	
0	
0	
0	
0	
0	
0	
0	
0	
0	
0	
0	
0	
0	
1	
0	
0	
0	
0	
0	
0	
0	
0	
0	
0	
0	
0	
0	
0	
0	
0	
0	
0	
0	
0	
0	
0	
0	
1	
0	
0	
0	
0	
0	
0	
0	
0	
0	
0	
0	
0	
0	
0	
1	
0	
0	
0	
0	
0	
0	
0	
1	
0	
0	
0	
0	
0	
0	
0	
0	
0	
0	
0	
0	
0	
0	
0	
0	
0	
0	
0	
0	
0	
0	
0	
2	
0	
0	
0	
0	
0	
0	
0	
0	
0	
0	
0	
0	
0	
0	
0	
0	
0	
1	
0	
0	
0	
0	
0	
0	
0	
0	
0	
0	
0	
0	
0	
0	
0	
0	
0	
0	
0	
0	
0	
0	
0	
0	
0	
0	
1	
0	
0	
0	
0	
0	
0	
0	
0	
0	
0	
0	
0	
0	
0	
0	
0	
1	
0	
0	
0	
0	
0	
0	
0	
1	
0	
0	
0	
0	
0	
0	
0	
0	
0	
0	
0	
0	
0	
0	
0	
0	
0	
0	
0	
0	
0	
0	
0	
0	
0	
1	
1	
0	
0	
0	
0	
0	
0	
1	
0	
0	
0	
0	
0	
0	
0	
1	
0	
0	
0	
0	
0	
0	
0	
0	
0	
0	
0	
0	
0	
0	
0	
0	
0	
0	
0	
0	
0	
1	
0	
0	
0	
0	
0	
0	
0	
0	
0	
0	
0	
0	
0	
0	
0	
0	
0	
0	
0	
0	
0	
0	
0	
0	
0	
0	
0	
0	
0	
0	
0	
0	
0	
0	
0	
1	
0	
0	
0	
0	
0	
0	
0	
0	
0	
0	
0	
0	
0	
0	
0	
0	
0	
0	
0	
0	
0	
0	
0	
0	
0	
0	
0	
0	
0	
0	
0	
0	
0	
0	
0	
0	
0	
0	
0	
0	
0	
0	
0	
0	
0	
0	
1	
0	
0	
0	
0	
0	
0	
0	
0	
0	
0	
0	
0	
0	
0	
0	
0	
0	
0	
0	
0	
0	
0	
0	
0	
0	
0	
0	
0	
0	
0	
0	
0	
0	
0	
0	
0	
0	
0	
0	
0	
0	
0	
0	
0	
0	
0	
0	
0	
0	
0	
0	
0	
0	
0	
0	
0	
0	
0	
0	
0	
0	
0	
0	
0	
0	
0	
0	
0	
0	
1	
0	
0	
0	
0	
0	
0	
0	
0	
0	
0	
0	
0	
0	
0	
0	
0	
0	
0	
0	
0	
0	
0	
0	
0	
0	
0	
0	
0	
0	
0	
0	
0	
0	
0	
0	
0	
0	
0	
0	
0	
0	
1	
0	
0	
0	
0	
0	
0	
0	
0	
0	
0	
0	
0	
0	
0	
0	
0	
0	
0	
0	
0	
0	
0	
0	
0	
0	
0	
0	
0	
0	
0	
0	
0	
0	
0	
1	
0	
0	
0	
0	
0	
0	
0	
0	
0	
0	
0	
0	
0	
0	
0	
0	
0	
0	
0	
0	
1	
0	
0	
0	
0	
0	
0	
1	
0	
0	
0	
0	
0	
0	
0	
0	
0	
1	
0	
0	
0	
0	
0	
0	
0	
0	
0	
0	
0	
0	
0	
0	
0	
0	
0	
0	
1	
0	
0	
0	
0	
0	
0	
0	
0	
0	
0	
0	
0	
0	
0	
0	
0	
0	
1	
0	
0	
0	
0	
1	
0	
0	
1	
0	
1	
0	
0	
0	
0	
0	
0	
0	
0	
0	
0	
1	
0	
0	
0	
0	
0	
0	
0	
0	
0	
0	
0	
0	
0	
0	
0	
0	
0	
0	
0	
0	
1	
0	
0	
0	
0	
1	
0	
1	
0	
0	
0	
0	
0	
0	
0	
0	
0	
0	
0	
0	
0	
0	
0	
0	
0	
0	
0	
0	
0	
0	
0	
0	
0	
1	
0	
0	
0	
0	
0	
0	
0	
0	
0	
0	
0	
0	
0	
0	
0	
0	
0	
0	
0	
0	
0	
0	
0	
0	
1	
0	
0	
0	
0	
0	
0	
0	
0	
0	
0	
1	
0	
0	
1	
1	
0	
0	
0	
0	
0	
0	
0	
0	
0	
0	
1	
0	
0	
0	
0	
0	
0	
0	
0	
0	
0	
0	
0	
0	
0	
0	
0	
1	
0	
0	
0	
0	
0	
0	
0	
0	
0	
0	
0	
0	
0	
0	
0	
0	
0	
0	
0	
0	
0	
0	
0	
0	
0	
0	
0	
0	
0	
0	
0	
0	
0	
0	
0	
0	
0	
1	
0	
0	
0	
0	
0	
0	
0	
0	
0	
0	
0	
0	
0	
0	
0	
0	
0	
0	
1	
0	
0	
0	
0	
0	
0	
0	
0	
0	
0	
0	
0	
0	
0	
0	
0	
0	
0	
0	
0	
0	
0	
0	
0	
0	
0	
0	
0	
0	
0	
1	
0	
0	
0	
0	
0	
0	
3	
15	
92	
286	
653	
1324	
2482	
4177	
6021	
7436	
8249	
8778	
9169	
9205	
9434	
9335	
9627	
9504	
9501	
9677	
9629	
9742	
9649	
9770	
9757	
9722	
9712	
9717	
9806	
9983	
9611	
9778	
10000	
9826	
9993	
9731	
9782	
9986	
9844	
9753	
9815	
9809	
9871	
9778	
9786	
9788	
9776	
9434	
9671	
9661	
9580	
9439	
9618	
9263	
9597	
9490	
9191	
9266	
9244	
9285	
9278	
9228	
9250	
9338	
9161	
9079	
9086	
8870	
8850	
8890	
8899	
8968	
8862	
8768	
8794	
8696	
8686	
8502	
8671	
8667	
8664	
8765	
8291	
8461	
8469	
8468	
8302	
8499	
8309	
8162	
8377	
8374	
8363	
8157	
8222	
8174	
8044	
7908	
7932	
8136	
7962	
7813	
7823	
7832	
7700	
7773	
7820	
7626	
7669	
7770	
7707	
7629	
7540	
7734	
7481	
7436	
7470	
7323	
7415	
7391	
7229	
7473	
7315	
7331	
7038	
7141	
6972	
7238	
7167	
6821	
7036	
6992	
6924	
6857	
6910	
6986	
6827	
6950	
6828	
6720	
6726	
6760	
6544	
6648	
6689	
6664	
6685	
6657	
6695	
6645	
6473	
6562	
6542	
6373	
6360	
6387	
6450	
6367	
6327	
6328	
6249	
6219	
6184	
6300	
6161	
6086	
6110	
6089	
5964	
6176	
6054	
5888	
5973	
5814	
5913	
5919	
6035	
5829	
5881	
5719	
5723	
5819	
5808	
5784	
5717	
5658	
5696	
5588	
5515	
5575	
5508	
5422	
5569	
5490	
5504	
5354	
5461	
5377	
5400	
5359	
5358	
5490	
5246	
5266	
5153	
5109	
5220	
5213	
5111	
5135	
5181	
5171	
4988	
5102	
4983	
4997	
4901	
4935	
5041	
5000	
4916	
4952	
4984	
4782	
4791	
4816	
4733	
4872	
4698	
4772	
4700	
4651	
4716	
4727	
4649	
4690	
4618	
4496	
4674	
4623	
4554	
4553	
4510	
4552	
4594	
4495	
4538	
4503	
4290	
4455	
4495	
4406	
4332	
4278	
4208	
4311	
4262	
4277	
4307	
4260	
4194	
4153	
4114	
4231	
4112	
4087	
4064	
4123	
4097	
3994	
3960	
3997	
3968	
3944	
4046	
3864	
3861	
3876	
3914	
3796	
3795	
3891	
3910	
3901	
3715	
3802	
3745	
3823	
3759	
3639	
3754	
3731	
3670	
3633	
3599	
3667	
3635	
3600	
3671	
3551	
3586	
3546	
3563	
3556	
3470	
3617	
3531	
3431	
3398	
3505	
3455	
3489	
3460	
3433	
3356	
3478	
3460	
3305	
3396	
3293	
3250	
3329	
3344	
3261	
3303	
3286	
3335	
3193	
3184	
3277	
3080	
3110	
3225	
3082	
3137	
3181	
3043	
3234	
3028	
3084	
3106	
3008	
2995	
3031	
2987	
2938	
3054	
3075	
3024	
2974	
2991	
2834	
2947	
2966	
2943	
2786	
2813	
2899	
2874	
2858	
2713	
2790	
2832	
2671	
2799	
2805	
2641	
2721	
2784	
2686	
2690	
2595	
2759	
2661	
2633	
2640	
2544	
2627	
2647	
2605	
2623	
2666	
2564	
2669	
2550	
2651	
2614	
2526	
2523	
2441	
2488	
2534	
2569	
2556	
2455	
2423	
2388	
2495	
2448	
2424	
2428	
2418	
2345	
2419	
2368	
2312	
2283	
2308	
2375	
2328	
2329	
2242	
2257	
2304	
2198	
2243	
2304	
2266	
2209	
2270	
2140	
2315	
2158	
2205	
2191	
2080	
2214	
2142	
2176	
2122	
2109	
2195	
2103	
2150	
2107	
2129	
2058	
2051	
2061	
2057	
2104	
2017	
2075	
1963	
2010	
1988	
1951	
2011	
1981	
1941	
2003	
1891	
1849	
2001	
1893	
1964	
1962	
1951	
1935	
1904	
1896	
1946	
1856	
1844	
1877	
1878	
1841	
1834	
1910	
1876	
1848	
1825	
1813	
1786	
1800	
1723	
1794	
1713	
1747	
1695	
1727	
1729	
1766	
1659	
1710	
1652	
1684	
1774	
1648	
1642	
1683	
1696	
1657	
1596	
1661	
1612	
1635	
1620	
1695	
1622	
1602	
1627	
1604	
1622	
1593	
1640	
1592	
1559	
1596	
1553	
1485	
1476	
1485	
1571	
1524	
1597	
1514	
1558	
1456	
1508	
1506	
1480	
1491	
1416	
1491	
1444	
1474	
1449	
1480	
1405	
1440	
1413	
1447	
1429	
1356	
1360	
1349	
1404	
1377	
1362	
1425	
1409	
1403	
1419	
1380	
1358	
1420	
1296	
1399	
1358	
1347	
1331	
1282	
1287	
1299	
1349	
1277	
1277	
1291	
1282	
1267	
1313	
1298	
1253	
1230	
1244	
1198	
1226	
1204	
1138	
1234	
1179	
1137	
1194	
1124	
1210	
1204	
1153	
1274	
1158	
1192	
1170	
1159	
1194	
1131	
1085	
1122	
1131	
1172	
1111	
1178	
1091	
1094	
1145	
1071	
1124	
1151	
1117	
1091	
1068	
1137	
1098	
1153	
1040	
1068	
1116	
1042	
1124	
1034	
1139	
1017	
1044	
1062	
1016	
1000	
1032	
967	
1042	
1032	
991	
1001	
1034	
966	
999	
967	
1037	
972	
962	
950	
951	
994	
982	
935	
956	
966	
955	
910	
898	
939	
942	
930	
901	
873	
892	
924	
898	
917	
900	
890	
855	
899	
877	
873	
859	
865	
943	
923	
846	
934	
862	
907	
860	
818	
863	
856	
826	
815	
827	
849	
829	
878	
852	
809	
791	
793	
847	
858	
813	
753	
772	
806	
763	
744	
795	
810	
768	
767	
768	
809	
834	
757	
824	
746	
752	
742	
807	
745	
753	
672	
776	
758	
713	
762	
730	
736	
726	
721	
684	
683	
689	
689	
676	
657	
687	
707	
674	
679	
701	
684	
665	
721	
681	
663	
664	
648	
643	
690	
618	
611	
650	
637	
657	
645	
648	
628	
645	
634	
583	
612	
680	
618	
619	
637	
597	
643	
610	
618	
591	
601	
590	
583	
618	
643	
588	
601	
569	
582	
605	
582	
579	
565	
584	
603	
542	
593	
589	
536	
546	
581	
546	
584	
557	
559	
518	
527	
548	
513	
543	
522	
553	
519	
556	
532	
535	
524	
509	
533	
537	
538	
515	
528	
477	
508	
525	
547	
530	
512	
521	
515	
490	
469	
523	
482	
505	
463	
495	
510	
448	
497	
460	
460	
491	
475	
485	
451	
460	
478	
466	
437	
443	
447	
472	
443	
444	
452	
464	
421	
451	
469	
456	
436	
477	
457	
417	
436	
405	
444	
473	
421	
426	
423	
406	
411	
435	
401	
422	
449	
422	
400	
405	
439	
398	
409	
391	
402	
413	
401	
440	
391	
408	
364	
440	
404	
390	
376	
395	
345	
354	
375	
358	
395	
345	
355	
374	
401	
392	
335	
364	
398	
335	
331	
376	
311	
364	
351	
338	
375	
334	
325	
349	
363	
301	
358	
308	
342	
335	
328	
301	
317	
316	
327	
315	
334	
310	
330	
295	
317	
312	
333	
319	
347	
324	
340	
316	
319	
308	
307	
316	
285	
306	
280	
317	
311	
315	
324	
292	
274	
346	
288	
274	
284	
275	
297	
302	
304	
252	
302	
286	
288	
281	
301	
269	
256	
255	
293	
258	
258	
274	
262	
280	
242	
285	
270	
294	
271	
266	
267	
246	
253	
260	
252	
253	
262	
234	
257	
255	
272	
258	
245	
264	
229	
254	
254	
260	
278	
238	
257	
247	
289	
266	
225	
249	
246	
260	
230	
218	
244	
210	
223	
217	
232	
235	
257	
237	
207	
208	
211	
219	
218	
228	
212	
240	
217	
272	
236	
227	
202	
209	
262	
216	
234	
220	
220	
220	
221	
213	
184	
201	
209	
208	
169	
206	
184	
191	
190	
185	
226	
211	
197	
179	
219	
218	
167	
206	
189	
221	
198	
173	
179	
187	
195	
181	
177	
194	
198	
179	
170	
181	
193	
177	
198	
157	
190	
167	
177	
161	
161	
180	
178	
159	
178	
157	
179	
167	
178	
187	
179	
188	
173	
161	
174	
176	
171	
166	
157	
164	
138	
171	
170	
156	
153	
150	
189	
152	
139	
172	
153	
162	
189	
160	
157	
158	
150	
152	
148	
166	
152	
141	
141	
147	
155	
139	
150	
144	
154	
147	
147	
157	
127	
159	
149	
134	
140	
152	
132	
135	
136	
137	
136	
149	
141	
164	
137	
152	
106	
149	
158	
138	
123	
141	
108	
118	
138	
129	
132	
114	
157	
142	
121	
157	
144	
136	
120	
116	
116	
127	
123	
120	
116	
130	
135	
131	
135	
118	
95	
107	
89	
110	
128	
132	
126	
135	
111	
140	
96	
114	
110	
115	
135	
122	
127	
123	
122	
108	
103	
102	
96	
109	
119	
115	
102	
101	
107	
115	
128	
102	
100	
115	
102	
108	
93	
120	
126	
99	
97	
95	
87	
99	
99	
103	
94	
88	
100	
76	
90	
103	
99	
96	
96	
92	
98	
90	
94	
89	
97	
88	
92	
112	
91	
90	
92	
89	
85	
105	
89	
77	
105	
89	
85	
83	
102	
68	
74	
97	
76	
91	
79	
91	
94	
89	
81	
87	
96	
86	
69	
84	
83	
78	
83	
69	
93	
83	
93	
87	
80	
74	
62	
84	
74	
77	
89	
77	
98	
76	
78	
74	
96	
86	
69	
81	
59	
93	
75	
77	
73	
70	
91	
63	
92	
76	
94	
88	
72	
85	
60	
63	
61	
74	
72	
66	
71	
58	
71	
64	
74	
67	
67	
62	
53	
69	
84	
53	
68	
75	
65	
68	
66	
74	
73	
70	
67	
62	
63	
64	
64	
63	
75	
59	
66	
62	
62	
49	
70	
62	
60	
53	
55	
60	
64	
56	
67	
62	
65	
51	
55	
68	
55	
50	
68	
68	
45	
58	
60	
37	
58	
62	
55	
67	
56	
45	
39	
49	
67	
63	
46	
55	
56	
60	
42	
54	
46	
57	
53	
49	
58	
63	
47	
47	
47	
41	
54	
52	
56	
55	
48	
59	
49	
52	
62	
44	
40	
51	
58	
50	
42	
49	
52	
56	
45	
52	
38	
49	
56	
40	
33	
42	
56	
43	
45	
44	
43	
42	
35	
41	
48	
35	
41	
37	
36	
37	
58	
37	
43	
44	
40	
38	
44	
39	
36	
42	
35	
49	
38	
40	
46	
44	
40	
53	
33	
51	
29	
47	
49	
47	
38	
41	
41	
42	
44	
43	
44	
39	
41	
43	
34	
47	
44	
39	
41	
46	
28	
42	
50	
38	
34	
34	
32	
37	
33	
35	
33	
28	
33	
37	
39	
27	
22	
42	
40	
35	
38	
30	
23	
30	
29	
44	
29	
25	
38	
35	
33	
28	
30	
39	
27	
29	
41	
43	
25	
45	
27	
23	
32	
33	
38	
39	
25	
35	
22	
28	
33	
30	
33	
22	
21	
24	
25	
26	
24	
37	
25	
27	
28	
29	
39	
25	
27	
23	
38	
30	
30	
18	
26	
27	
20	
25	
27	
22	
17	
37	
28	
27	
24	
37	
26	
28	
17	
29	
27	
28	
31	
25	
29	
17	
30	
21	
21	
27	
31	
30	
25	
19	
24	
18	
17	
27	
21	
24	
23	
26	
19	
26	
19	
31	
25	
25	
19	
27	
23	
26	
22	
20	
22	
24	
25	
24	
23	
20	
12	
17	
23	
25	
25	
29	
16	
17	
25	
16	
17	
18	
12	
21	
24	
14	
22	
24	
20	
22	
19	
23	
19	
20	
25	
18	
22	
12	
12	
17	
15	
17	
14	
20	
19	
16	
16	
20	
18	
20	
28	
18	
24	
20	
27	
16	
15	
12	
18	
21	
25	
18	
20	
11	
22	
16	
20	
20	
16	
21	
18	
16	
18	
12	
13	
13	
19	
13	
18	
16	
11	
18	
17	
19	
21	
18	
24	
18	
15	
16	
13	
23	
19	
17	
21	
19	
18	
21	
18	
18	
16	
18	
20	
19	
18	
18	
12	
16	
13	
15	
12	
8	
8	
10	
19	
14	
11	
16	
16	
15	
7	
14	
19	
19	
5	
14	
20	
15	
10	
21	
11	
11	
8	
15	
17	
12	
7	
16	
19	
12	
17	
16	
17	
10	
15	
16	
15	
6	
13	
13	
12	
6	
13	
18	
15	
12	
21	
9	
10	
15	
12	
14	
8	
14	
15	
12	
10	
14	
15	
9	
6	
9	
8	
10	
13	
15	
10	
14	
17	
11	
9	
9	
13	
11	
14	
15	
7	
11	
8	
14	
8	
6	
10	
11	
15	
14	
14	
7	
12	
7	
17	
14	
10	
9	
5	
6	
10	
15	
9	
9	
5	
17	
14	
10	
9	
7	
9	
10	
6	
10	
15	
10	
9	
12	
10	
9	
10	
9	
2	
4	
11	
8	
13	
8	
6	
7	
6	
6	
11	
12	
7	
10	
4	
7	
10	
10	
12	
15	
9	
5	
8	
7	
10	
3	
8	
11	
7	
10	
15	
8	
11	
9	
7	
6	
6	
5	
8	
4	
10	
4	
6	
6	
7	
11	
6	
12	
8	
1	
6	
13	
11	
4	
8	
5	
8	
2	
7	
6	
14	
9	
6	
7	
6	
7	
5	
5	
10	
9	
3	
6	
6	
8	
2	
6	
4	
5	
9	
10	
6	
9	
5	
8	
4	
6	
7	
10	
8	
5	
6	
8	
4	
8	
9	
5	
6	
5	
1	
5	
7	
7	
7	
3	
7	
9	
12	
7	
7	
5	
4	
4	
6	
8	
10	
4	
5	
4	
8	
7	
7	
6	
5	
7	
9	
6	
8	
6	
6	
7	
7	
6	
7	
3	
3	
7	
5	
4	
4	
7	
6	
5	
2	
6	
5	
2	
4	
3	
7	
3	
2	
8	
6	
5	
3	
3	
5	
7	
2	
2	
7	
8	
4	
8	
7	
7	
5	
2	
6	
10	
5	
4	
8	
4	
5	
6	
8	
3	
6	
9	
4	
5	
5	
5	
4	
1	
8	
1	
4	
4	
2	
7	
6	
4	
3	
8	
3	
6	
2	
8	
9	
3	
3	
4	
5	
3	
2	
3	
5	
5	
2	
5	
4	
4	
5	
2	
4	
2	
6	
5	
5	
5	
6	
3	
8	
7	
2	
1	
4	
7	
5	
5	
5	
4	
4	
1	
7	
4	
5	
2	
4	
3	
0	
6	
3	
3	
2	
7	
7	
3	
5	
6	
2	
1	
3	
5	
2	
2	
4	
6	
5	
5	
6	
6	
2	
2	
3	
5	
3	
2	
1	
3	
2	
2	
1	
8	
2	
1	
4	
2	
0	
2	
3	
3	
5	
3	
3	
5	
2	
2	
6	
3	
2	
2	
6	
1	
1	
2	
3	
8	
2	
2	
6	
4	
3	
1	
2	
4	
0	
4	
5	
4	
3	
2	
4	
2	
3	
1	
1	
4	
0	
0	
6	
4	
1	
2	
2	
1	
2	
1	
3	
7	
0	
3	
5	
2	
2	
1	
3	
2	
4	
1	
3	
3	
0	
1	
3	
0	
1	
2	
3	
3	
2	
2	
3	
4	
0	
3	
0	
4	
2	
2	
1	
2	
5	
5	
2	
0	
0	
2	
2	
5	
1	
2	
3	
5	
2	
2	
5	
4	
5	
2	
2	
4	
2	
2	
3	
2	
2	
2	
0	
3	
1	
2	
0	
2	
1	
2	
4	
2	
3	
2	
1	
1	
2	
2	
3	
5	
1	
3	
2	
2	
0	
3	
5	
2	
2	
3	
4	
2	
2	
2	
2	
3	
2	
1	
2	
3	
0	
1	
0	
2	
2	
2	
1	
1	
5	
0	
4	
3	
0	
4	
1	
1	
1	
3	
1	
1	
0	
3	
0	
1	
2	
2	
1	
2	
4	
0	
3	
0	
1	
0	
2	
0	
2	
3	
2	
4	
4	
3	
2	
0	
2	
2	
1	
2	
4	
2	
1	
2	
2	
1	
0	
2	
1	
1	
0	
2	
2	
0	
0	
1	
1	
0	
2	
1	
3	
1	
1	
0	
2	
2	
2	
3	
1	
1	
4	
1	
0	
1	
0	
1	
1	
0	
2	
2	
4	
0	
1	
2	
1	
3	
2	
1	
0	
1	
3	
1	
0	
0	
2	
0	
2	
3	
1	
1	
1	
2	
3	
2	
0	
2	
1	
0	
1	
0	
3	
3	
0	
3	
1	
3	
2	
1	
2	
0	
2	
1	
1	
1	
0	
0	
1	
1	
1	
0	
0	
0	
2	
0	
2	
0	
0	
0	
1	
0	
2	
1	
1	
0	
1	
1	
2	
3	
1	
2	
1	
1	
1	
0	
1	
1	
0	
0	
1	
1	
2	
1	
0	
0	
0	
1	
0	
0	
0	
0	
0	
0	
1	
0	
1	
1	
2	
1	
2	
0	
2	
0	
2	
1	
0	
0	
1	
1	
1	
1	
2	
1	
1	
0	
0	
0	
2	
1	
2	
0	
0	
0	
3	
3	
4	
0	
0	
1	
1	
0	
3	
1	
0	
1	
1	
4	
1	
3	
1	
3	
1	
0	
0	
1	
1	
1	
2	
0	
0	
0	
0	
0	
1	
0	
0	
1	
0	
2	
1	
1	
1	
3	
1	
0	
0	
1	
1	
0	
0	
0	
1	
2	
0	
1	
0	
3	
0	
0	
1	
0	
2	
0	
0	
1	
0	
1	
1	
0	
0	
2	
0	
1	
1	
0	
0	
1	
0	
0	
0	
0	
0	
0	
1	
0	
1	
1	
0	
0	
1	
0	
0	
1	
1	
0	
0	
0	
1	
1	
1	
0	
0	
0	
0	
0	
1	
0	
0	
0	
0	
0	
1	
1	
1	
0	
2	
1	
0	
1	
0	
0	
0	
0	
2	
2	
0	
0	
0	
0	
1	
0	
0	
1	
0	
0	
1	
0	
1	
1	
1	
1	
2	
0	
0	
0	
0	
0	
1	
0	
0	
0	
1	
0	
0	
1	
1	
0	
0	
1	
0	
0	
2	
0	
0	
0	
0	
0	
0	
1	
1	
0	
0	
0	
0	
2	
0	
0	
1	
0	
0	
0	
0	
0	
0	
1	
0	
0	
0	
1	
0	
1	
0	
0	
0	
0	
0	
1	
2	
2	
0	
0	
1	
0	
1	
0	
0	
0	
0	
0	
0	
2	
2	
1	
0	
0	
0	
0	
1	
1	
2	
0	
1	
1	
0	
0	
0	
1	
1	
1	
0	
1	
2	
0	
1	
0	
0	
1	
0	
1	
0	
0	
0	
1	
0	
0	
0	
0	
1	
0	
0	
0	
0	
0	
0	
0	
0	
0	
1	
2	
0	
0	
0	
0	
1	
0	
4	
0	
0	
1	
0	
0	
0	
0	
0	
2	
1	
2	
1	
0	
1	
0	
2	
1	
0	
1	
0	
0	
2	
0	
2	
0	
1	
0	
1	
0	
2	
0	
0	
1	
1	
2	
0	
0	
0	
0	
2	
1	
1	
0	
2	
0	
0	
1	
2	
1	
0	
0	
1	
2	
0	
2	
2	
3	
1	
1	
1	
0	
1	
1	
1	
0	
2	
1	
0	
1	
3	
0	
0	
1	
1	
1	
0	
1	
1	
1	
1	
2	
0	
5	
3	
1	
0	
1	
1	
4	
1	
1	
1	
1	
3	
2	
1	
2	
3	
2	
2	
1	
1	
3	
1	
3	
1	
1	
2	
0	
2	
3	
2	
4	
4	
2	
1	
0	
3	
1	
1	
3	
0	
1	
1	
1	
2	
3	
0	
0	
2	
2	
1	
1	
1	
2	
3	
0	
1	
2	
2	
0	
1	
0	
3	
1	
1	
0	
1	
0	
2	
4	
2	
2	
1	
4	
0	
1	
5	
2	
2	
0	
4	
1	
0	
0	
4	
3	
2	
0	
1	
1	
2	
1	
1	
1	
1	
2	
4	
2	
3	
1	
5	
1	
2	
3	
5	
4	
2	
2	
0	
2	
4	
2	
4	
3	
4	
3	
2	
0	
3	
1	
1	
2	
1	
0	
1	
5	
3	
4	
2	
0	
1	
4	
4	
1	
2	
1	
3	
1	
2	
1	
3	
1	
3	
5	
2	
4	
3	
2	
2	
2	
4	
5	
0	
1	
1	
2	
0	
2	
3	
1	
0	
0	
1	
0	
2	
0	
0	
1	
2	
2	
1	
0	
7	
4	
2	
1	
0	
1	
0	
3	
1	
2	
2	
2	
0	
1	
1	
0	
1	
1	
1	
0	
1	
2	
1	
1	
0	
0	
3	
1	
1	
0	
1	
0	
0	
1	
1	
0	
0	
1	
1	
1	
0	
3	
1	
1	
3	
4	
3	
2	
1	
3	
2	
2	
4	
2	
3	
4	
1	
3	
3	
1	
3	
4	
4	
1	
0	
0	
2	
1	
0	
3	
1	
0	
1	
1	
1	
1	
0	
0	
1	
1	
1	
2	
1	
1	
0	
0	
2	
0	
1	
0	
1	
3	
0	
0	
2	
1	
2	
0	
1	
0	
1	
1	
1	
1	
1	
0	
4	
1	
1	
1	
0	
1	
0	
0	
0	
1	
1	
1	
1	
1	
1	
1	
0	
2	
1	
0	
0	
3	
0	
0	
0	
1	
1	
1	
2	
1	
2	
1	
1	
1	
0	
0	
3	
0	
1	
0	
2	
1	
2	
2	
2	
1	
0	
2	
2	
1	
1	
2	
1	
2	
2	
0	
2	
1	
1	
2	
2	
1	
2	
0	
2	
4	
1	
2	
0	
1	
1	
1	
1	
0	
2	
1	
1	
2	
0	
0	
3	
1	
0	
2	
0	
0	
2	
0	
0	
2	
0	
2	
0	
1	
0	
1	
0	
0	
1	
0	
0	
1	
0	
1	
2	
1	
2	
0	
1	
1	
0	
0	
0	
0	
0	
2	
1	
1	
1	
0	
1	
2	
2	
1	
0	
0	
0	
1	
0	
0	
1	
0	
0	
0	
0	
0	
2	
0	
1	
0	
0	
0	
0	
0	
0	
0	
3	
1	
1	
0	
1	
0	
0	
0	
0	
1	
1	
0	
0	
2	
2	
0	
2	
2	
1	
0	
0	
2	
0	
0	
1	
0	
0	
0	
0	
0	
0	
0	
1	
0	
0	
0	
2	
0	
0	
0	
1	
0	
0	
0	
0	
0	
0	
0	
0	
0	
2	
0	
0	
0	
2	
1	
0	
1	
0	
0	
0	
0	
0	
3	
0	
0	
0	
1	
0	
0	
0	
0	
0	
0	
0	
2	
0	
0	
0	
0	
0	
1	
0	
1	
0	
0	
1	
1	
0	
0	
0	
0	
2	
1	
1	
0	
0	
0	
0	
1	
1	
0	
0	
1	
0	
1	
0	
0	
0	
1	
0	
1	
0	
2	
0	
0	
0	
0	
0	
0	
0	
3	
0	
0	
1	
0	
2	
0	
0	
0	
0	
0	
1	
0	
0	
3	
0	
1	
0	
1	
1	
2	
1	
0	
2	
2	
0	
0	
0	
0	
0	
0	
2	
1	
1	
1	
0	
0	
0	
0	
0	
0	
1	
1	
0	
0	
1	
0	
0	
0	
1	
0	
1	
0	
0	
0	
0	
0	
0	
0	
0	
1	
0	
0	
0	
0	
1	
0	
1	
0	
0	
0	
0	
0	
0	
0	
0	
0	
0	
0	
2	
0	
0	
1	
1	
0	
1	
0	
0	
0	
1	
1	
0	
0	
0	
1	
0	
2	
0	
1	
0	
0	
0	
1	
1	
0	
2	
0	
0	
0	
1	
1	
0	
0	
0	
0	
1	
0	
0	
0	
0	
0	
1	
1	
0	
0	
0	
1	
0	
2	
0	
0	
0	
0	
1	
0	
0	
0	
0	
0	
0	
0	
2	
0	
1	
0	
1	
0	
0	
1	
1	
0	
1	
0	
0	
0	
1	
0	
0	
0	
2	
0	
1	
0	
0	
0	
0	
0	
0	
0	
0	
0	
1	
0	
0	
0	
0	
0	
0	
1	
0	
0	
1	
0	
1	
0	
0	
0	
0	
0	
0	
0	
0	
2	
0	
0	
0	
0	
0	
0	
1	
0	
0	
1	
2	
0	
0	
0	
0	
0	
0	
0	
0	
0	
1	
0	
0	
1	
0	
0	
0	
0	
0	
2	
0	
0	
0	
0	
0	
0	
0	
0	
0	
0	
0	
0	
0	
0	
0	
0	
0	
0	
0	
0	
0	
0	
0	
0	
0	
1	
0	
0	
0	
0	
0	
0	
0	
0	
0	
0	
1	
0	
0	
0	
0	
0	
0	
0	
0	
0	
1	
2	
0	
0	
0	
0	
0	
0	
0	
0	
1	
1	
1	
0	
0	
1	
0	
0	
1	
0	
0	
0	
0	
0	
0	
0	
0	
0	
0	
2	
0	
0	
0	
0	
0	
0	
1	
0	
0	
0	
1	
0	
0	
0	
0	
1	
0	
0	
0	
0	
0	
0	
1	
0	
0	
0	
0	
0	
0	
0	
0	
0	
0	
0	
0	
0	
0	
0	
1	
0	
0	
0	
0	
1	
0	
1	
1	
0	
0	
0	
0	
0	
0	
0	
0	
0	
0	
0	
0	
0	
0	
0	
0	
0	
0	
1	
0	
0	
0	
0	
0	
0	
0	
0	
0	
0	
0	
0	
0	
1	
0	
0	
0	
0	
0	
1	
0	
0	
1	
0	
1	
0	
0	
0	
0	
0	
0	
0	
0	
0	
0	
0	
0	
0	
0	
0	
0	
0	
0	
0	
0	
0	
0	
0	
0	
0	
0	
1	
0	
0	
0	
0	
0	
0	
0	
0	
1	
0	
0	
0	
0	
0	
0	
0	
0	
0	
0	
0	
0	
0	
0	
0	
0	
0	
0	
0	
0	
0	
0	
0	
0	
0	
1	
1	
0	
0	
0	
0	
1	
1	
0	
0	
0	
0	
0	
0	
0	
0	
0	
0	
0	
0	
0	
0	
0	
0	
0	
0	
0	
0	
1	
1	
0	
0	
0	
0	
0	
0	
1	
2	
0	
0	
0	
0	
3	
1	
1	
0	
0	
0	
0	
0	
0	
0	
0	
0	
0	
0	
0	
0	
0	
0	
0	
1	
0	
0	
0	
0	
0	
0	
0	
0	
0	
0	
0	
0	
0	
0	
0	
0	
0	
0	
0	
0	
0	
0	
0	
0	
0	
0	
0	
0	
0	
1	
0	
0	
0	
0	
0	
0	
0	
1	
0	
0	
0	
0	
0	
0	
0	
0	
0	
0	
0	
0	
0	
0	
0	
0	
0	
0	
0	
0	
1	
0	
0	
0	
0	
0	
0	
0	
0	
0	
0	
0	
1	
0	
0	
1	
0	
0	
0	
0	
1	
0	
0	
0	
0	
0	
0	
0	
0	
0	
0	
0	
0	
0	
0	
0	
0	
0	
0	
0	
0	
0	
0	
0	
0	
1	
0	
0	
0	
0	
0	
0	
0	
1	
0	
0	
0	
0	
0	
0	
0	
0	
0	
0	
0	
0	
0	
0	
0	
0	
0	
0	
0	
0	
1	
0	
0	
0	
0	
0	
0	
0	
0	
0	
0	
0	
0	
0	
0	
0	
0	
1	
0	
0	
0	
0	
0	
0	
0	
1	
0	
0	
0	
0	
0	
1	
0	
0	
0	
0	
0	
0	
0	
0	
0	
0	
0	
0	
0	
0	
0	
0	
0	
0	
0	
1	
0	
0	
0	
1	
0	
0	
0	
0	
0	
0	
0	
0	
0	
0	
0	
0	
0	
0	
0	
0	
0	
0	
0	
0	
0	
0	
0	
0	
0	
1	
1	
0	
1	
0	
0	
0	
1	
0	
0	
0	
0	
0	
0	
0	
1	
0	
1	
0	
0	
0	
0	
0	
0	
1	
0	
0	
0	
0	
0	
0	
0	
0	
0	
0	
0	
1	
1	
0	
1	
0	
0	
0	
0	
0	
0	
1	
0	
0	
0	
0	
0	
0	
1	
0	
0	
0	
0	
0	
0	
0	
0	
1	
0	
1	
0	
1	
0	
0	
0	
0	
0	
1	
0	
0	
0	
0	
0	
0	
0	
0	
0	
0	
0	
0	
0	
0	
0	
1	
0	
0	
0	
0	
0	
0	
0	
0	
0	
0	
0	
0	
0	
0	
0	
0	
0	
0	
0	
0	
0	
1	
0	
0	
0	
0	
0	
0	
0	
0	
0	
0	
0	
0	
0	
0	
0	
0	
0	
0	
0	
0	
0	
0	
0	
0	
0	
0	
0	
0	
0	
0	
0	
0	
0	
0	
0	
0	
0	
0	
0	
0	
0	
0	
0	
0	
0	
0	
0	
0	
0	
0	
0	
0	
0	
0	
0	
0	
1	
0	
0	
0	
0	
0	
0	
0	
0	
0	
0	
0	
0	
0	
0	
0	
0	
0	
0	
0	
0	
0	
0	
1	
0	
0	
1	
0	
0	
0	
0	
0	
0	
0	
0	
0	
0	
0	
0	
0	
0	
0	
0	
0	
0	
0	
0	
0	
0	
0	
0	
1	
1	
0	
0	
0	
0	
0	
0	
0	
0	
0	
0	
0	
0	
0	
1	
0	
0	
0	
0	
1	
0	
0	
0	
0	
0	
0	
2	
0	
0	
1	
0	
0	
0	
0	
0	
0	
0	
1	
0	
0	
0	
1	
0	
0	
0	
0	
0	
0	
0	
0	
0	
0	
0	
0	
0	
0	
0	
1	
0	
0	
0	
0	
0	
0	
0	
0	
0	
0	
0	
0	
0	
0	
0	
0	
0	
0	
0	
0	
0	
0	
0	
0	
0	
0	
0	
0	
1	
1	
0	
0	
0	
0	
0	
0	
0	
0	
0	
0	
0	
0	
0	
0	
0	
0	
0	
0	
0	
0	
0	
0	
0	
0	
0	
0	
0	
1	
0	
0	
0	
0	
0	
1	
0	
0	
0	
0	
0	
0	
0	
1	
0	
0	
0	
0	
0	
1	
0	
0	
1	
0	
0	
0	
0	
0	
0	
0	
0	
0	
0	
0	
0	
1	
0	
0	
0	
0	
0	
0	
0	
0	
1	
0	
0	
0	
0	
0	
0	
0	
0	
1	
1	
0	
1	
0	
0	
1	
0	
0	
0	
0	
0	
0	
0	
1	
0	
0	
0	
0	
0	
1	
0	
0	
0	
0	
0	
0	
0	
0	
0	
1	
0	
1	
0	
0	
0	
0	
0	
0	
0	
0	
0	
0	
0	
1	
0	
0	
0	
0	
0	
0	
0	
0	
0	
0	
0	
0	
0	
0	
2	
0	
0	
0	
0	
0	
0	
1	
1	
0	
0	
0	
0	
0	
0	
0	
0	
0	
1	
1	
0	
0	
0	
0	
1	
0	
0	
0	
1	
0	
0	
0	
0	
0	
0	
0	
0	
0	
0	
0	
0	
0	
1	
0	
0	
0	
0	
1	
1	
0	
0	
0	
0	
1	
0	
1	
0	
0	
0	
0	
0	
1	
0	
1	
1	
0	
0	
0	
0	
1	
0	
0	
0	
0	
0	
1	
1	
0	
0	
0	
0	
0	
0	
0	
0	
0	
1	
0	
0	
2	
0	
0	
0	
0	
0	
0	
0	
0	
0	
0	
0	
0	
0	
0	
0	
0	
0	
0	
0	
0	
0	
0	
0	
0	
0	
0	
0	
1	
0	
0	
0	
0	
0	
0	
0	
0	
0	
0	
1	
0	
0	
0	
0	
1	
0	
0	
1	
0	
0	
0	
0	
0	
0	
0	
0	
0	
1	
0	
0	
0	
0	
0	
0	
0	
0	
0	
0	
0	
0	
0	
0	
0	
0	
0	
0	
0	
0	
1	
1	
0	
0	
0	
0	
0	
0	
0	
0	
0	
0	
0	
0	
0	
0	
0	
0	
0	
0	
1	
0	
0	
0	
0	
0	
0	
1	
0	
0	
0	
0	
0	
0	
1	
0	
0	
0	
0	
0	
0	
0	
0	
0	
0	
0	
0	
0	
0	
0	
0	
0	
0	
0	
0	
0	
0	
0	
1	
0	
0	
0	
0	
0	
1	
1	
0	
0	
0	
0	
0	
0	
0	
0	
0	
0	
0	
0	
0	
0	
0	
0	
0	
0	
0	
0	
0	
0	
0	
0	
0	
0	
1	
0	
0	
0	
0	
0	
0	
0	
1	
0	
0	
0	
0	
0	
0	
0	
0	
0	
0	
1	
0	
0	
0	
0	
0	
0	
0	
1	
0	
0	
0	
0	
0	
0	
0	
0	
0	
0	
0	
0	
0	
0	
0	
1	
0	
0	
0	
0	
0	
0	
0	
0	
0	
0	
1	
0	
0	
1	
0	
0	
0	
0	
0	
0	
0	
0	
0	
0	
0	
0	
0	
0	
0	
0	
0	
0	
0	
0	
0	
0	
0	
0	
0	
1	
1	
1	
0	
0	
0	
0	
0	
0	
0	
0	
1	
0	
0	
0	
0	
0	
0	
0	
0	
0	
0	
0	
0	
0	
1	
0	
0	
0	
0	
0	
0	
0	
0	
0	
0	
0	
0	
1	
0	
0	
0	
0	
0	
0	
0	
0	
1	
0	
0	
0	
0	
0	
1	
0	
0	
1	
0	
1	
0	
0	
0	
0	
0	
0	
0	
0	
0	
0	
0	
0	
0	
0	
0	
0	
0	
0	
0	
0	
1	
0	
0	
0	
0	
0	
0	
0	
0	
0	
0	
0	
0	
0	
0	
0	
0	
0	
0	
0	
0	
0	
0	
0	
0	
0	
1	
0	
0	
1	
0	
1	
0	
0	
0	
0	
0	
0	
0	
0	
0	
0	
0	
0	
1	
0	
1	
0	
0	
0	
0	
0	
1	
0	
0	
0	
0	
0	
0	
0	
0	
0	
1	
0	
0	
0	
0	
0	
0	
1	
0	
1	
0	
0	
0	
1	
0	
0	
0	
0	
0	
0	
0	
0	
1	
0	
0	
0	
1	
0	
0	
0	
0	
0	
0	
0	
0	
0	
0	
0	
0	
1	
1	
0	
0	
0	
0	
0	
1	
0	
0	
0	
0	
0	
0	
0	
0	
0	
0	
1	
0	
0	
0	
0	
0	
0	
0	
0	
0	
0	
0	
0	
0	
0	
0	
1	
0	
0	
0	
0	
0	
0	
0	
0	
0	
0	
0	
0	
1	
0	
1	
0	
0	
0	
0	
0	
0	
0	
0	
0	
0	
1	
0	
0	
0	
0	
1	
0	
0	
0	
0	
0	
0	
0	
0	
0	
0	
0	
1	
0	
0	
0	
0	
0	
0	
0	
0	
0	
0	
0	
0	
0	
0	
0	
0	
0	
0	
0	
0	
0	
0	
0	
0	
0	
0	
0	
1	
0	
0	
0	
1	
1	
1	
0	
1	
0	
0	
0	
0	
0	
0	
0	
0	
0	
0	
0	
0	
0	
0	
0	
0	
0	
0	
0	
1	
0	
0	
0	
1	
0	
0	
1	
0	
0	
0	
0	
0	
0	
0	
2	
0	
0	
1	
0	
0	
0	
0	
0	
1	
0	
0	
0	
0	
0	
0	
0	
0	
0	
0	
1	
0	
1	
1	
0	
0	
0	
0	
1	
0	
0	
1	
0	
0	
1	
0	
0	
0	
0	
0	
0	
0	
0	
0	
0	
0	
1	
0	
0	
0	
0	
0	
1	
0	
0	
0	
0	
0	
0	
1	
0	
0	
0	
0	
0	
0	
0	
0	
0	
0	
0	
0	
0	
1	
2	
0	
0	
0	
0	
0	
1	
0	
0	
0	
1	
0	
0	
0	
0	
0	
0	
0	
0	
0	
0	
0	
0	
0	
0	
0	
0	
1	
0	
0	
0	
0	
0	
0	
0	
2	
1	
0	
1	
0	
0	
0	
1	
1	
0	
0	
0	
0	
0	
0	
0	
1	
0	
0	
0	
0	
0	
0	
0	
1	
0	
1	
0	
0	
1	
0	
0	
2	
1	
0	
0	
1	
0	
0	
0	
1	
0	
0	
0	
0	
0	
0	
0	
0	
0	
1	
1	
0	
0	
0	
0	
0	
1	
1	
0	
0	
1	
0	
0	
0	
0	
0	
0	
0	
0	
0	
2	
0	
0	
0	
0	
0	
0	
0	
0	
0	
0	
0	
0	
0	
0	
0	
0	
1	
0	
0	
0	
0	
1	
0	
0	
0	
0	
2	
0	
0	
0	
0	
0	
1	
0	
0	
0	
1	
0	
0	
1	
0	
0	
0	
0	
0	
0	
0	
1	
1	
0	
1	
0	
0	
0	
1	
0	
0	
0	
1	
1	
0	
0	
2	
1	
1	
0	
0	
1	
1	
