#PicoHarp 300  Histogram Data			15/12/2022 04:49:47 PM
#channels per curve
6250
#display curve no.
0	
#memory block no.
0	
#ns/channel
0.0160	
#counts
0	
0	
0	
0	
0	
0	
0	
0	
0	
0	
1	
0	
0	
0	
0	
0	
0	
0	
0	
0	
0	
0	
0	
0	
0	
0	
0	
0	
0	
0	
0	
0	
0	
0	
1	
0	
0	
0	
0	
0	
0	
0	
0	
0	
0	
0	
0	
0	
0	
0	
0	
0	
0	
0	
0	
0	
0	
0	
0	
0	
0	
0	
0	
0	
0	
0	
1	
0	
0	
0	
0	
0	
0	
0	
0	
0	
0	
0	
0	
0	
0	
0	
0	
0	
0	
0	
0	
0	
0	
0	
0	
0	
0	
0	
0	
0	
2	
0	
0	
0	
0	
0	
0	
0	
0	
0	
0	
0	
0	
0	
0	
0	
0	
0	
0	
0	
0	
0	
0	
0	
0	
0	
0	
0	
0	
0	
0	
0	
0	
0	
0	
0	
0	
0	
1	
0	
1	
0	
0	
0	
0	
0	
0	
0	
0	
0	
1	
0	
0	
0	
0	
0	
0	
0	
0	
0	
0	
0	
0	
0	
0	
0	
0	
0	
0	
0	
0	
0	
0	
0	
0	
0	
0	
0	
0	
0	
0	
0	
0	
0	
1	
0	
0	
0	
0	
0	
0	
0	
0	
0	
0	
0	
0	
0	
0	
0	
0	
0	
0	
0	
0	
0	
0	
0	
0	
0	
0	
0	
0	
0	
0	
0	
0	
0	
1	
0	
0	
0	
0	
0	
0	
0	
0	
0	
0	
0	
0	
0	
0	
0	
0	
0	
0	
0	
0	
0	
0	
0	
0	
0	
0	
0	
0	
0	
0	
0	
0	
0	
0	
0	
0	
0	
0	
0	
0	
0	
0	
0	
0	
0	
0	
0	
0	
0	
0	
0	
0	
0	
0	
0	
0	
1	
0	
0	
0	
0	
0	
0	
1	
0	
0	
0	
0	
0	
0	
0	
0	
0	
0	
0	
0	
0	
0	
1	
0	
0	
0	
0	
0	
0	
0	
0	
0	
0	
0	
0	
0	
0	
0	
0	
0	
0	
0	
0	
0	
0	
0	
0	
1	
0	
0	
0	
0	
0	
0	
1	
0	
0	
0	
0	
0	
0	
0	
0	
0	
0	
0	
0	
0	
0	
0	
0	
0	
0	
0	
0	
0	
0	
0	
0	
0	
0	
0	
0	
0	
0	
0	
0	
0	
0	
0	
0	
0	
0	
0	
0	
0	
0	
0	
0	
0	
0	
0	
0	
0	
0	
0	
0	
0	
0	
1	
0	
0	
0	
0	
0	
0	
0	
0	
0	
0	
0	
0	
0	
0	
0	
0	
0	
0	
0	
0	
0	
0	
0	
0	
0	
0	
0	
0	
0	
0	
0	
0	
0	
0	
0	
0	
0	
0	
0	
0	
0	
0	
0	
0	
0	
0	
0	
0	
0	
0	
0	
0	
0	
0	
0	
0	
0	
0	
0	
0	
0	
0	
0	
0	
0	
0	
0	
0	
0	
0	
0	
0	
0	
0	
0	
0	
0	
0	
0	
0	
0	
0	
0	
0	
0	
0	
0	
0	
0	
0	
0	
0	
0	
0	
0	
1	
0	
0	
0	
0	
0	
0	
0	
0	
0	
0	
0	
0	
0	
0	
0	
0	
0	
0	
0	
0	
0	
0	
0	
0	
0	
0	
0	
0	
0	
0	
1	
0	
0	
0	
0	
0	
0	
0	
0	
0	
1	
0	
0	
0	
0	
0	
1	
0	
0	
0	
0	
0	
0	
0	
0	
0	
0	
0	
0	
0	
0	
0	
0	
0	
0	
0	
0	
0	
0	
0	
0	
0	
0	
0	
0	
0	
0	
0	
0	
0	
0	
0	
0	
0	
0	
1	
0	
1	
0	
0	
0	
0	
0	
0	
0	
0	
0	
0	
0	
0	
0	
0	
0	
0	
0	
0	
0	
0	
0	
0	
0	
0	
0	
1	
0	
0	
0	
0	
0	
0	
0	
0	
0	
0	
0	
0	
0	
1	
0	
0	
0	
0	
0	
0	
1	
0	
0	
0	
0	
1	
0	
0	
0	
0	
0	
0	
0	
0	
0	
1	
0	
0	
0	
0	
0	
0	
0	
0	
0	
0	
0	
0	
0	
0	
0	
0	
0	
0	
0	
0	
0	
0	
0	
0	
0	
0	
0	
0	
0	
0	
0	
0	
0	
0	
1	
1	
0	
1	
0	
0	
0	
0	
0	
0	
0	
0	
0	
0	
0	
0	
0	
0	
0	
0	
0	
0	
0	
0	
0	
0	
0	
0	
0	
0	
0	
0	
0	
0	
0	
0	
0	
0	
0	
0	
0	
0	
1	
0	
0	
0	
0	
0	
0	
0	
0	
1	
0	
0	
0	
0	
0	
0	
0	
0	
0	
0	
0	
0	
0	
0	
0	
0	
0	
0	
0	
0	
0	
0	
0	
0	
0	
0	
0	
0	
0	
0	
0	
1	
0	
0	
0	
0	
0	
0	
0	
0	
0	
0	
0	
0	
0	
0	
0	
0	
0	
0	
0	
0	
0	
0	
0	
0	
0	
0	
0	
0	
0	
0	
0	
0	
0	
1	
0	
0	
0	
0	
0	
0	
0	
0	
0	
0	
0	
0	
0	
0	
0	
0	
0	
0	
0	
0	
0	
0	
0	
0	
0	
0	
0	
0	
0	
0	
0	
0	
0	
0	
0	
0	
0	
0	
0	
0	
0	
0	
0	
0	
0	
0	
0	
0	
0	
0	
0	
0	
0	
0	
0	
5	
17	
100	
293	
714	
1452	
2611	
4203	
6140	
7666	
8269	
8731	
8963	
9157	
9374	
9318	
9639	
9687	
9611	
9619	
9780	
9722	
9863	
9859	
9858	
9915	
9891	
9796	
9797	
9955	
10000	
9744	
9893	
9936	
9829	
9673	
9968	
9902	
9653	
9891	
9863	
9641	
9586	
9714	
9575	
9681	
9471	
9477	
9449	
9584	
9523	
9231	
9334	
9469	
9208	
9291	
9276	
9130	
9195	
8850	
8956	
9121	
8882	
8959	
9074	
8877	
8950	
8796	
8866	
8672	
8752	
8746	
8636	
8491	
8742	
8619	
8661	
8616	
8440	
8291	
8451	
8436	
8223	
8213	
8365	
8372	
8136	
8248	
8276	
8114	
8046	
8021	
8031	
7991	
7864	
7981	
8124	
7815	
7873	
7866	
7715	
7787	
7911	
7903	
7749	
7708	
7545	
7405	
7727	
7557	
7697	
7590	
7426	
7338	
7275	
7416	
7271	
7390	
7378	
7321	
7122	
7028	
7185	
7192	
7066	
7188	
7139	
6983	
7148	
7055	
7100	
7048	
6786	
6918	
6909	
6872	
6808	
6763	
6833	
6806	
6799	
6670	
6780	
6673	
6628	
6704	
6605	
6514	
6595	
6478	
6640	
6570	
6491	
6409	
6279	
6394	
6301	
6391	
6407	
6209	
6229	
6123	
6169	
6278	
6061	
6134	
6093	
6228	
6060	
6112	
5931	
6013	
5883	
6027	
5998	
5885	
5965	
5910	
6007	
5845	
5903	
5766	
5702	
5713	
5744	
5754	
5650	
5592	
5574	
5650	
5580	
5511	
5485	
5420	
5455	
5531	
5456	
5452	
5531	
5373	
5345	
5470	
5395	
5321	
5362	
5268	
5249	
5105	
5322	
5266	
5179	
5156	
5226	
5268	
5262	
5008	
5126	
5152	
4939	
4993	
4934	
4966	
4892	
5006	
4963	
4842	
4930	
4865	
4833	
4879	
4670	
4873	
4778	
4805	
4791	
4736	
4635	
4605	
4664	
4779	
4649	
4493	
4578	
4614	
4497	
4649	
4487	
4466	
4514	
4413	
4466	
4408	
4460	
4336	
4418	
4377	
4350	
4249	
4266	
4214	
4311	
4277	
4317	
4252	
4284	
4153	
4189	
4256	
4218	
4206	
4129	
4084	
4171	
4205	
4101	
4008	
4058	
4099	
3924	
3973	
3935	
3964	
3897	
3940	
4068	
3842	
3924	
3848	
3872	
3847	
3962	
3763	
3748	
3785	
3812	
3717	
3729	
3801	
3757	
3773	
3765	
3584	
3754	
3676	
3656	
3606	
3430	
3768	
3532	
3572	
3552	
3516	
3552	
3578	
3534	
3560	
3367	
3460	
3377	
3404	
3555	
3424	
3415	
3507	
3327	
3378	
3347	
3273	
3273	
3220	
3359	
3251	
3284	
3289	
3332	
3098	
3340	
3262	
3100	
3162	
3185	
3216	
3146	
3139	
3156	
3071	
3060	
3143	
3163	
3048	
3127	
3057	
3077	
3052	
2974	
3048	
2914	
2957	
3031	
2969	
2856	
2903	
2928	
2946	
2942	
2967	
2840	
2773	
2884	
2803	
2875	
2829	
2882	
2763	
2856	
2787	
2777	
2824	
2779	
2760	
2777	
2708	
2736	
2647	
2747	
2726	
2698	
2741	
2556	
2685	
2593	
2691	
2708	
2728	
2620	
2621	
2523	
2594	
2621	
2574	
2476	
2614	
2506	
2614	
2582	
2398	
2467	
2457	
2466	
2408	
2469	
2397	
2419	
2419	
2404	
2358	
2403	
2432	
2431	
2399	
2397	
2269	
2362	
2310	
2325	
2279	
2345	
2345	
2280	
2306	
2181	
2278	
2226	
2293	
2316	
2234	
2154	
2168	
2211	
2344	
2105	
2166	
2116	
2136	
2149	
2185	
2143	
2141	
2090	
2224	
2112	
2158	
2056	
2151	
2127	
2028	
2065	
2116	
2119	
2025	
2054	
2027	
2036	
2021	
2120	
1996	
2000	
1896	
2023	
1978	
1962	
1922	
1993	
1976	
1979	
1910	
1968	
2019	
1874	
1936	
1897	
1947	
1830	
1871	
1919	
1789	
1906	
1912	
1884	
1841	
1821	
1792	
1823	
1803	
1783	
1759	
1785	
1783	
1727	
1758	
1691	
1741	
1731	
1752	
1766	
1813	
1686	
1707	
1689	
1702	
1740	
1671	
1647	
1682	
1713	
1701	
1643	
1649	
1624	
1611	
1674	
1629	
1564	
1574	
1632	
1600	
1672	
1581	
1592	
1647	
1602	
1612	
1560	
1552	
1528	
1491	
1535	
1535	
1541	
1519	
1525	
1490	
1493	
1530	
1444	
1463	
1494	
1477	
1442	
1440	
1424	
1472	
1471	
1465	
1434	
1440	
1442	
1402	
1419	
1401	
1398	
1432	
1368	
1344	
1360	
1359	
1379	
1389	
1334	
1394	
1294	
1360	
1317	
1347	
1368	
1406	
1378	
1303	
1340	
1342	
1291	
1282	
1307	
1343	
1337	
1307	
1309	
1278	
1280	
1234	
1300	
1273	
1244	
1239	
1262	
1266	
1301	
1184	
1260	
1197	
1268	
1231	
1232	
1194	
1216	
1216	
1217	
1216	
1253	
1141	
1194	
1179	
1122	
1173	
1184	
1133	
1163	
1131	
1142	
1147	
1122	
1164	
1161	
1104	
1085	
1121	
1123	
1133	
1136	
1077	
1094	
1007	
1025	
1106	
1074	
1116	
1097	
1015	
1055	
1042	
1046	
1088	
1083	
1037	
1019	
1003	
1025	
977	
1016	
950	
1020	
992	
1020	
1008	
958	
938	
985	
972	
981	
960	
979	
949	
979	
987	
949	
985	
910	
929	
906	
1001	
987	
902	
864	
944	
926	
911	
956	
905	
877	
914	
948	
921	
929	
853	
867	
869	
839	
907	
847	
864	
885	
874	
842	
913	
842	
863	
806	
835	
866	
871	
863	
832	
840	
808	
811	
895	
824	
791	
870	
809	
801	
828	
820	
811	
761	
790	
805	
800	
773	
758	
803	
791	
774	
805	
793	
789	
747	
752	
807	
768	
776	
731	
763	
728	
762	
776	
725	
775	
717	
744	
780	
728	
711	
714	
703	
701	
707	
709	
683	
707	
730	
691	
702	
665	
676	
710	
712	
708	
698	
685	
736	
690	
674	
702	
646	
628	
650	
664	
626	
645	
662	
644	
637	
684	
624	
656	
665	
628	
637	
628	
649	
569	
682	
632	
625	
589	
585	
552	
648	
621	
615	
605	
567	
574	
570	
588	
594	
582	
561	
633	
566	
556	
572	
552	
573	
559	
587	
547	
575	
557	
526	
522	
530	
575	
595	
558	
566	
553	
554	
557	
559	
547	
541	
530	
519	
524	
545	
529	
491	
518	
509	
494	
491	
551	
523	
471	
523	
519	
488	
490	
516	
509	
471	
483	
489	
451	
498	
476	
512	
451	
467	
439	
494	
480	
451	
428	
473	
472	
494	
448	
481	
442	
453	
486	
453	
454	
437	
492	
453	
463	
477	
457	
453	
432	
450	
421	
438	
460	
394	
442	
407	
383	
382	
463	
414	
421	
416	
441	
440	
423	
421	
418	
401	
389	
383	
428	
413	
389	
413	
394	
394	
408	
385	
412	
353	
358	
365	
372	
361	
388	
370	
404	
380	
404	
353	
364	
364	
367	
335	
371	
335	
365	
367	
385	
358	
403	
350	
373	
374	
368	
362	
348	
328	
345	
352	
347	
352	
360	
343	
346	
342	
386	
337	
384	
340	
361	
334	
325	
349	
318	
329	
328	
350	
325	
303	
359	
340	
332	
320	
293	
299	
332	
332	
340	
328	
346	
331	
322	
332	
304	
344	
314	
307	
304	
262	
308	
306	
292	
305	
307	
276	
295	
301	
280	
273	
282	
272	
287	
292	
318	
299	
309	
246	
276	
275	
254	
265	
294	
309	
295	
253	
280	
264	
274	
285	
267	
246	
271	
267	
304	
281	
261	
252	
245	
242	
251	
280	
245	
267	
266	
285	
252	
223	
256	
268	
267	
275	
218	
230	
258	
280	
234	
233	
220	
240	
251	
231	
227	
252	
243	
238	
246	
261	
225	
249	
239	
243	
242	
263	
247	
232	
235	
258	
215	
236	
220	
207	
216	
222	
249	
206	
215	
196	
255	
208	
209	
220	
209	
219	
180	
212	
194	
207	
224	
221	
213	
209	
222	
199	
208	
215	
201	
198	
199	
210	
203	
197	
203	
207	
223	
208	
214	
209	
188	
204	
212	
211	
196	
205	
173	
180	
192	
186	
183	
181	
212	
187	
207	
172	
219	
196	
157	
196	
175	
186	
176	
201	
153	
184	
180	
162	
173	
159	
183	
182	
160	
180	
140	
170	
174	
169	
175	
172	
177	
183	
169	
163	
170	
157	
169	
163	
152	
155	
148	
177	
142	
153	
166	
161	
154	
158	
143	
178	
148	
163	
145	
164	
157	
145	
161	
174	
163	
151	
118	
145	
163	
147	
136	
143	
134	
151	
121	
164	
157	
154	
161	
136	
150	
135	
139	
138	
160	
115	
137	
135	
137	
145	
141	
140	
153	
142	
151	
127	
130	
138	
150	
129	
105	
128	
124	
149	
139	
124	
107	
131	
132	
130	
142	
110	
126	
132	
140	
136	
133	
137	
126	
114	
148	
114	
113	
141	
134	
101	
127	
125	
123	
121	
110	
113	
137	
113	
115	
115	
117	
118	
130	
110	
115	
127	
128	
110	
111	
115	
116	
109	
107	
110	
118	
103	
104	
116	
110	
110	
127	
117	
98	
108	
103	
116	
96	
119	
116	
117	
101	
89	
112	
108	
102	
103	
102	
109	
92	
105	
108	
112	
108	
110	
85	
101	
96	
75	
97	
72	
101	
115	
85	
86	
99	
86	
85	
110	
101	
96	
90	
98	
89	
90	
83	
89	
86	
75	
93	
85	
96	
83	
82	
88	
110	
95	
80	
95	
85	
83	
87	
73	
84	
81	
76	
64	
84	
69	
95	
91	
101	
88	
89	
77	
83	
86	
87	
78	
73	
90	
71	
69	
79	
88	
74	
68	
76	
69	
65	
78	
82	
75	
81	
76	
88	
66	
64	
75	
65	
63	
57	
76	
80	
79	
93	
62	
80	
69	
63	
71	
83	
72	
60	
66	
63	
79	
74	
71	
64	
64	
73	
69	
67	
72	
52	
58	
68	
60	
72	
71	
57	
63	
57	
64	
77	
85	
71	
69	
68	
79	
53	
75	
65	
62	
55	
63	
73	
76	
59	
59	
58	
57	
59	
65	
56	
67	
62	
64	
53	
58	
50	
62	
52	
64	
50	
65	
59	
46	
74	
58	
59	
49	
59	
64	
67	
41	
51	
63	
53	
65	
52	
59	
41	
50	
54	
60	
53	
46	
53	
55	
59	
55	
55	
54	
60	
44	
48	
64	
51	
48	
62	
47	
55	
49	
43	
46	
51	
57	
43	
54	
40	
64	
49	
50	
66	
56	
53	
57	
42	
58	
51	
44	
39	
48	
44	
51	
60	
41	
34	
40	
49	
42	
43	
47	
45	
39	
47	
46	
41	
33	
46	
45	
48	
43	
32	
38	
50	
61	
47	
38	
39	
41	
59	
44	
46	
45	
37	
33	
56	
32	
26	
49	
44	
46	
33	
52	
53	
38	
38	
38	
40	
44	
42	
40	
34	
48	
40	
34	
40	
39	
32	
29	
32	
41	
48	
23	
38	
32	
27	
29	
39	
37	
42	
38	
50	
37	
39	
29	
40	
35	
40	
30	
39	
30	
51	
32	
41	
31	
44	
27	
25	
29	
42	
32	
41	
36	
26	
31	
34	
33	
35	
36	
32	
35	
33	
30	
27	
38	
39	
34	
36	
25	
37	
28	
24	
32	
32	
23	
30	
37	
32	
36	
22	
34	
28	
29	
28	
33	
26	
38	
27	
33	
18	
23	
24	
25	
26	
37	
29	
29	
31	
34	
23	
30	
32	
28	
26	
29	
32	
34	
31	
22	
20	
27	
26	
29	
21	
21	
32	
30	
32	
23	
21	
27	
27	
22	
26	
28	
27	
20	
29	
33	
23	
32	
21	
31	
23	
26	
27	
37	
25	
29	
27	
26	
22	
19	
22	
20	
15	
23	
22	
20	
27	
22	
30	
27	
16	
25	
17	
19	
27	
20	
15	
24	
26	
11	
21	
23	
22	
17	
16	
20	
21	
21	
18	
23	
24	
15	
22	
21	
23	
25	
19	
24	
23	
18	
24	
22	
19	
21	
30	
22	
22	
19	
16	
22	
24	
30	
14	
15	
22	
16	
20	
17	
22	
23	
17	
19	
19	
17	
17	
19	
14	
14	
20	
16	
12	
18	
12	
20	
26	
17	
20	
20	
11	
12	
14	
17	
20	
15	
17	
20	
25	
18	
15	
16	
15	
10	
15	
23	
16	
18	
17	
15	
28	
12	
15	
15	
23	
17	
14	
12	
14	
35	
18	
12	
16	
25	
13	
18	
17	
19	
22	
14	
18	
15	
31	
8	
17	
10	
16	
26	
18	
24	
12	
18	
19	
11	
17	
14	
17	
11	
11	
19	
13	
15	
14	
15	
16	
17	
20	
18	
23	
17	
18	
11	
24	
17	
11	
15	
9	
18	
16	
9	
11	
10	
18	
15	
14	
14	
12	
12	
15	
10	
10	
19	
17	
14	
3	
20	
7	
9	
12	
12	
16	
12	
14	
9	
7	
9	
18	
8	
13	
12	
12	
16	
15	
7	
9	
9	
12	
8	
16	
12	
16	
15	
11	
12	
15	
7	
15	
14	
11	
16	
13	
14	
13	
8	
10	
10	
10	
9	
12	
5	
7	
14	
9	
5	
7	
9	
7	
6	
11	
15	
12	
8	
13	
14	
15	
9	
10	
3	
10	
5	
14	
12	
9	
14	
9	
18	
8	
12	
13	
10	
13	
6	
12	
10	
12	
11	
8	
8	
12	
7	
6	
4	
11	
12	
13	
5	
5	
6	
8	
10	
7	
9	
4	
12	
10	
14	
10	
7	
13	
7	
5	
13	
10	
7	
8	
7	
7	
14	
11	
10	
7	
7	
11	
12	
9	
9	
5	
5	
6	
5	
14	
6	
7	
7	
9	
6	
8	
8	
10	
6	
8	
13	
2	
5	
10	
14	
3	
5	
6	
3	
6	
2	
12	
6	
6	
10	
7	
5	
9	
6	
7	
6	
10	
6	
8	
9	
4	
5	
7	
6	
12	
9	
4	
10	
9	
6	
10	
4	
7	
10	
6	
5	
4	
6	
5	
3	
3	
6	
7	
8	
11	
6	
4	
8	
10	
4	
0	
2	
8	
8	
5	
11	
5	
9	
1	
5	
4	
5	
5	
3	
7	
5	
9	
7	
4	
7	
4	
9	
2	
11	
3	
5	
7	
8	
5	
7	
10	
9	
4	
3	
7	
2	
8	
1	
7	
9	
4	
8	
6	
11	
5	
6	
7	
2	
3	
5	
4	
5	
7	
7	
9	
5	
5	
5	
5	
3	
5	
5	
1	
6	
9	
4	
4	
4	
2	
5	
5	
7	
3	
3	
4	
5	
4	
4	
6	
7	
5	
5	
2	
9	
2	
5	
7	
1	
0	
8	
4	
8	
7	
7	
4	
4	
4	
5	
1	
4	
6	
3	
5	
3	
9	
5	
5	
4	
4	
7	
6	
3	
3	
9	
6	
10	
9	
3	
1	
4	
4	
6	
6	
5	
4	
3	
2	
6	
3	
4	
5	
5	
2	
3	
7	
2	
4	
6	
4	
6	
1	
6	
3	
2	
3	
5	
3	
5	
2	
4	
6	
3	
1	
6	
2	
1	
3	
2	
2	
1	
1	
3	
2	
5	
1	
0	
4	
2	
3	
5	
5	
3	
2	
2	
5	
3	
4	
1	
2	
1	
2	
3	
3	
5	
3	
1	
2	
3	
4	
5	
2	
0	
3	
5	
6	
5	
4	
0	
2	
1	
4	
0	
2	
3	
1	
1	
2	
3	
6	
7	
3	
3	
2	
2	
6	
5	
0	
5	
1	
2	
5	
3	
1	
3	
3	
1	
2	
1	
4	
2	
2	
2	
3	
4	
6	
2	
5	
3	
2	
3	
1	
3	
2	
1	
4	
0	
3	
2	
0	
3	
4	
2	
3	
2	
2	
4	
3	
1	
1	
0	
4	
1	
3	
3	
7	
3	
4	
3	
3	
3	
3	
2	
1	
0	
0	
5	
4	
4	
4	
0	
4	
3	
4	
0	
1	
0	
2	
2	
1	
1	
0	
4	
3	
2	
1	
1	
1	
1	
0	
1	
0	
1	
1	
2	
1	
2	
1	
1	
3	
0	
0	
0	
1	
0	
4	
2	
0	
2	
1	
2	
2	
4	
4	
0	
1	
2	
5	
3	
2	
1	
1	
2	
4	
4	
4	
5	
2	
1	
0	
1	
4	
2	
1	
2	
0	
2	
1	
3	
2	
1	
1	
0	
3	
2	
1	
2	
0	
2	
3	
2	
6	
4	
3	
3	
0	
2	
3	
0	
0	
3	
2	
4	
1	
1	
0	
3	
0	
1	
2	
3	
3	
0	
2	
1	
3	
2	
1	
3	
2	
0	
2	
1	
4	
0	
1	
3	
0	
0	
0	
2	
2	
2	
1	
0	
0	
4	
2	
0	
2	
0	
0	
2	
0	
0	
3	
1	
4	
3	
2	
5	
1	
1	
1	
1	
2	
2	
1	
0	
1	
0	
2	
3	
0	
3	
2	
2	
2	
0	
2	
2	
0	
3	
3	
0	
2	
3	
0	
0	
1	
1	
0	
2	
1	
1	
0	
2	
1	
0	
3	
2	
3	
0	
2	
2	
2	
3	
0	
0	
2	
0	
1	
1	
2	
3	
3	
3	
3	
1	
1	
1	
1	
0	
0	
1	
0	
1	
1	
0	
1	
0	
3	
1	
1	
0	
1	
0	
1	
1	
0	
0	
0	
2	
1	
1	
0	
1	
4	
0	
0	
0	
2	
0	
3	
1	
0	
0	
0	
0	
1	
0	
1	
0	
2	
1	
0	
0	
2	
1	
2	
2	
2	
0	
2	
1	
1	
0	
1	
0	
2	
2	
1	
0	
0	
2	
3	
0	
0	
2	
1	
0	
1	
0	
0	
0	
1	
2	
1	
1	
0	
0	
1	
0	
0	
0	
0	
0	
1	
1	
1	
1	
1	
0	
1	
0	
0	
1	
1	
0	
1	
1	
1	
0	
1	
0	
0	
0	
1	
2	
1	
2	
0	
1	
1	
0	
1	
0	
0	
0	
1	
0	
1	
0	
2	
2	
2	
1	
1	
1	
0	
1	
1	
0	
2	
1	
1	
1	
0	
0	
0	
1	
0	
1	
0	
0	
0	
1	
0	
0	
0	
1	
0	
1	
1	
0	
0	
1	
1	
1	
0	
0	
1	
2	
0	
2	
0	
1	
3	
1	
2	
0	
0	
1	
0	
0	
2	
0	
0	
1	
1	
2	
0	
0	
1	
0	
0	
0	
1	
0	
0	
1	
1	
0	
2	
0	
0	
2	
0	
0	
0	
2	
0	
0	
2	
0	
0	
0	
3	
1	
1	
1	
0	
0	
0	
0	
1	
0	
1	
1	
1	
0	
1	
0	
0	
2	
2	
1	
0	
0	
0	
1	
1	
1	
1	
1	
1	
1	
0	
1	
0	
1	
1	
0	
1	
2	
2	
0	
1	
3	
0	
2	
1	
2	
0	
0	
1	
3	
0	
0	
2	
2	
0	
0	
1	
1	
1	
1	
1	
2	
0	
3	
1	
0	
1	
2	
2	
2	
2	
2	
1	
3	
2	
2	
5	
0	
2	
1	
3	
0	
4	
3	
2	
3	
0	
2	
0	
1	
1	
1	
3	
2	
1	
1	
2	
3	
0	
3	
4	
4	
4	
4	
2	
2	
1	
3	
5	
4	
2	
5	
2	
2	
3	
3	
0	
1	
1	
3	
0	
2	
5	
0	
4	
1	
6	
1	
4	
4	
3	
1	
5	
2	
3	
2	
3	
4	
1	
2	
2	
2	
0	
3	
3	
3	
1	
2	
2	
7	
4	
1	
2	
2	
1	
2	
1	
5	
1	
2	
0	
4	
10	
3	
3	
3	
1	
1	
3	
2	
0	
1	
3	
2	
5	
2	
1	
3	
2	
1	
2	
3	
1	
3	
1	
2	
4	
1	
1	
2	
1	
4	
2	
1	
1	
7	
2	
3	
2	
3	
2	
1	
2	
2	
4	
2	
1	
0	
3	
3	
1	
1	
2	
1	
2	
0	
2	
1	
1	
2	
3	
4	
1	
1	
1	
3	
0	
2	
1	
3	
4	
2	
0	
0	
6	
2	
0	
2	
0	
0	
1	
2	
6	
2	
2	
2	
0	
0	
1	
0	
1	
2	
3	
2	
3	
0	
3	
0	
2	
1	
0	
0	
2	
0	
1	
4	
2	
1	
2	
3	
1	
1	
0	
1	
0	
0	
4	
0	
0	
0	
0	
2	
2	
1	
2	
2	
1	
5	
0	
2	
2	
2	
0	
2	
2	
1	
2	
2	
0	
0	
3	
2	
2	
0	
3	
1	
2	
1	
1	
2	
1	
0	
3	
1	
3	
3	
0	
2	
2	
1	
2	
0	
1	
0	
3	
2	
0	
0	
3	
2	
1	
3	
1	
3	
1	
1	
0	
2	
0	
2	
1	
0	
1	
2	
2	
0	
0	
0	
0	
2	
0	
1	
3	
4	
3	
1	
1	
5	
1	
0	
0	
2	
1	
1	
1	
1	
0	
1	
2	
0	
0	
2	
0	
2	
0	
1	
0	
0	
1	
1	
2	
0	
0	
0	
1	
1	
0	
0	
0	
0	
0	
1	
2	
0	
0	
1	
1	
1	
0	
0	
0	
0	
2	
1	
1	
2	
3	
0	
1	
3	
1	
2	
0	
4	
1	
0	
1	
0	
1	
2	
2	
1	
1	
1	
2	
0	
1	
0	
0	
1	
1	
1	
1	
0	
0	
1	
1	
0	
0	
2	
0	
0	
0	
2	
1	
2	
0	
0	
0	
0	
2	
0	
1	
2	
2	
0	
1	
2	
0	
0	
0	
0	
0	
1	
0	
1	
1	
0	
1	
1	
2	
0	
0	
0	
0	
0	
2	
0	
0	
0	
1	
0	
0	
0	
0	
0	
0	
0	
0	
0	
2	
1	
1	
0	
1	
1	
0	
0	
1	
0	
0	
0	
1	
0	
0	
0	
0	
2	
1	
1	
1	
0	
1	
0	
2	
1	
3	
0	
2	
1	
1	
0	
1	
0	
0	
0	
1	
1	
0	
0	
2	
1	
0	
0	
1	
0	
4	
0	
0	
0	
2	
1	
0	
2	
1	
0	
0	
0	
2	
1	
0	
0	
0	
0	
0	
1	
1	
1	
1	
0	
0	
1	
1	
0	
0	
1	
0	
2	
0	
1	
0	
1	
0	
1	
0	
2	
0	
0	
0	
1	
1	
1	
0	
0	
0	
1	
0	
0	
0	
1	
1	
1	
1	
0	
1	
3	
0	
0	
1	
0	
0	
0	
0	
0	
1	
0	
1	
0	
2	
1	
0	
1	
0	
1	
0	
0	
0	
0	
0	
0	
0	
1	
1	
0	
0	
0	
0	
1	
0	
0	
0	
0	
0	
0	
1	
0	
1	
0	
1	
2	
2	
0	
0	
0	
1	
1	
0	
1	
0	
0	
0	
1	
1	
1	
1	
0	
1	
0	
0	
1	
1	
1	
0	
0	
0	
0	
0	
0	
2	
0	
1	
0	
1	
0	
0	
1	
0	
2	
0	
0	
0	
0	
0	
0	
0	
0	
1	
1	
0	
1	
0	
2	
0	
0	
1	
0	
1	
0	
0	
0	
1	
0	
0	
1	
0	
0	
1	
0	
0	
1	
0	
0	
0	
0	
0	
0	
1	
0	
0	
0	
0	
0	
0	
0	
0	
1	
1	
0	
0	
1	
0	
0	
0	
0	
0	
0	
1	
0	
0	
0	
0	
1	
1	
0	
0	
0	
0	
0	
0	
0	
1	
1	
0	
0	
1	
0	
1	
1	
0	
2	
0	
0	
0	
0	
0	
0	
1	
0	
0	
0	
0	
0	
0	
0	
0	
0	
1	
0	
1	
0	
0	
0	
0	
0	
0	
0	
0	
0	
0	
0	
0	
0	
1	
0	
0	
0	
0	
0	
0	
0	
1	
0	
1	
1	
0	
0	
0	
0	
0	
0	
1	
0	
2	
0	
0	
1	
0	
0	
0	
1	
1	
0	
0	
0	
1	
0	
0	
0	
0	
0	
0	
0	
0	
0	
0	
0	
0	
0	
1	
1	
0	
0	
1	
0	
0	
2	
0	
0	
0	
0	
1	
0	
0	
0	
0	
0	
1	
1	
0	
0	
0	
1	
0	
0	
1	
0	
0	
0	
1	
0	
0	
1	
0	
0	
0	
0	
0	
0	
0	
0	
0	
1	
0	
0	
0	
0	
1	
0	
0	
1	
0	
0	
0	
0	
0	
0	
0	
0	
0	
1	
0	
0	
1	
0	
1	
0	
0	
0	
0	
0	
0	
0	
0	
0	
0	
0	
0	
0	
0	
0	
0	
0	
0	
0	
0	
0	
1	
0	
0	
0	
0	
0	
0	
0	
0	
0	
0	
0	
1	
0	
0	
0	
0	
0	
0	
0	
0	
0	
0	
0	
0	
1	
0	
0	
0	
2	
0	
0	
0	
0	
1	
0	
0	
0	
1	
0	
0	
0	
0	
0	
0	
0	
0	
0	
0	
0	
1	
0	
0	
0	
0	
0	
0	
1	
1	
0	
0	
2	
0	
0	
0	
0	
0	
0	
0	
0	
0	
0	
0	
0	
0	
0	
0	
0	
0	
0	
1	
0	
1	
0	
0	
0	
1	
0	
0	
0	
0	
0	
1	
0	
0	
0	
0	
0	
1	
0	
1	
0	
0	
0	
0	
1	
1	
0	
0	
0	
0	
1	
1	
0	
0	
0	
0	
0	
0	
0	
0	
1	
0	
0	
1	
0	
0	
0	
0	
0	
0	
0	
0	
0	
0	
0	
1	
1	
1	
1	
0	
0	
1	
0	
0	
0	
0	
0	
0	
0	
0	
0	
0	
0	
0	
0	
0	
0	
0	
0	
0	
0	
0	
0	
0	
0	
0	
0	
0	
0	
0	
0	
0	
0	
0	
0	
0	
0	
0	
0	
1	
0	
0	
0	
0	
0	
0	
0	
0	
1	
0	
0	
0	
0	
0	
0	
0	
0	
0	
0	
0	
0	
1	
0	
0	
0	
1	
0	
0	
1	
0	
0	
0	
0	
0	
0	
0	
0	
0	
0	
0	
0	
0	
0	
0	
0	
0	
0	
0	
0	
0	
0	
1	
0	
0	
0	
0	
1	
0	
0	
1	
0	
0	
1	
0	
0	
0	
0	
0	
0	
0	
0	
0	
0	
0	
0	
0	
0	
0	
0	
0	
0	
0	
0	
0	
0	
0	
0	
0	
1	
0	
2	
0	
0	
1	
0	
0	
0	
0	
0	
0	
0	
1	
0	
1	
0	
0	
0	
0	
0	
0	
0	
0	
0	
0	
0	
0	
0	
0	
0	
1	
0	
0	
0	
0	
0	
0	
0	
0	
0	
1	
0	
1	
0	
0	
0	
0	
0	
0	
0	
0	
0	
0	
0	
0	
0	
0	
0	
0	
0	
0	
0	
0	
1	
0	
0	
0	
0	
0	
0	
0	
0	
0	
0	
0	
0	
0	
0	
0	
0	
1	
0	
0	
0	
0	
0	
1	
0	
0	
0	
0	
0	
0	
0	
0	
1	
0	
0	
0	
0	
0	
0	
0	
0	
1	
0	
0	
1	
0	
0	
0	
0	
0	
0	
1	
0	
0	
0	
0	
0	
0	
0	
0	
0	
0	
0	
0	
0	
0	
0	
0	
1	
0	
0	
0	
0	
0	
0	
0	
0	
0	
0	
0	
0	
0	
0	
0	
0	
0	
0	
0	
0	
0	
0	
0	
0	
0	
0	
1	
0	
0	
0	
0	
1	
0	
0	
0	
0	
0	
0	
0	
0	
0	
0	
0	
0	
1	
0	
0	
0	
0	
0	
0	
0	
0	
0	
0	
0	
0	
0	
0	
0	
0	
0	
0	
0	
0	
0	
0	
0	
0	
0	
0	
0	
0	
0	
0	
0	
0	
0	
0	
0	
0	
0	
0	
1	
0	
0	
0	
0	
0	
0	
0	
0	
0	
0	
0	
0	
0	
0	
0	
0	
0	
0	
0	
0	
0	
0	
0	
0	
0	
0	
0	
0	
0	
0	
0	
0	
0	
0	
0	
1	
0	
0	
0	
0	
0	
0	
0	
0	
0	
0	
0	
0	
0	
0	
0	
1	
0	
0	
0	
0	
0	
0	
0	
0	
0	
0	
0	
0	
1	
0	
0	
0	
0	
0	
0	
0	
0	
0	
0	
0	
0	
0	
0	
0	
0	
0	
0	
1	
0	
0	
0	
0	
0	
0	
0	
0	
0	
0	
0	
0	
0	
0	
0	
0	
0	
0	
0	
0	
0	
0	
0	
0	
0	
0	
0	
0	
0	
0	
0	
1	
0	
0	
0	
0	
0	
0	
0	
0	
0	
0	
0	
0	
0	
0	
0	
0	
0	
0	
0	
0	
1	
1	
0	
1	
0	
0	
0	
0	
0	
0	
0	
0	
1	
0	
0	
0	
1	
0	
0	
0	
0	
0	
0	
0	
0	
0	
0	
0	
0	
0	
0	
0	
0	
0	
0	
0	
0	
0	
0	
0	
0	
0	
0	
0	
0	
0	
1	
1	
0	
0	
0	
0	
0	
0	
0	
0	
0	
0	
0	
0	
0	
0	
1	
0	
0	
1	
0	
0	
0	
0	
0	
0	
0	
0	
0	
0	
0	
0	
0	
0	
0	
0	
0	
0	
0	
0	
0	
0	
0	
0	
0	
0	
0	
0	
0	
1	
0	
0	
1	
0	
0	
0	
0	
0	
0	
1	
0	
0	
0	
0	
1	
0	
0	
0	
0	
0	
0	
0	
0	
0	
0	
0	
0	
0	
0	
0	
0	
0	
0	
0	
0	
0	
0	
0	
0	
0	
0	
0	
0	
0	
0	
1	
0	
0	
0	
0	
0	
0	
0	
0	
0	
0	
1	
0	
0	
0	
1	
0	
0	
0	
1	
0	
0	
0	
0	
1	
0	
0	
0	
0	
1	
0	
0	
1	
0	
0	
0	
0	
1	
0	
0	
0	
0	
0	
0	
0	
0	
0	
1	
0	
0	
0	
0	
1	
0	
0	
0	
0	
0	
0	
0	
0	
0	
0	
0	
0	
0	
0	
0	
0	
0	
0	
2	
0	
0	
0	
0	
0	
0	
0	
1	
1	
0	
0	
0	
0	
0	
0	
0	
1	
0	
0	
0	
0	
0	
0	
0	
0	
0	
1	
0	
0	
0	
0	
0	
0	
0	
0	
0	
0	
0	
0	
0	
0	
0	
0	
1	
0	
0	
0	
0	
0	
0	
1	
0	
0	
0	
0	
0	
0	
0	
0	
0	
0	
0	
0	
0	
0	
0	
2	
0	
0	
0	
0	
0	
0	
0	
0	
0	
0	
0	
0	
0	
0	
1	
0	
0	
0	
0	
0	
0	
0	
0	
0	
0	
0	
0	
0	
0	
0	
0	
0	
0	
0	
0	
0	
0	
0	
0	
1	
0	
0	
0	
0	
0	
0	
0	
0	
0	
0	
0	
0	
0	
0	
0	
1	
0	
0	
0	
0	
0	
1	
0	
0	
0	
0	
0	
0	
1	
0	
0	
0	
0	
0	
0	
0	
0	
0	
0	
0	
0	
0	
0	
0	
0	
0	
0	
0	
0	
0	
0	
0	
0	
1	
0	
0	
0	
1	
0	
1	
1	
0	
0	
0	
0	
0	
0	
0	
0	
0	
0	
0	
0	
1	
0	
1	
0	
0	
0	
0	
0	
0	
0	
0	
0	
0	
0	
0	
0	
0	
0	
0	
0	
0	
0	
1	
0	
1	
0	
0	
0	
0	
0	
0	
0	
0	
0	
0	
0	
0	
0	
0	
0	
0	
1	
0	
1	
0	
0	
0	
0	
0	
0	
0	
0	
0	
0	
0	
0	
0	
0	
2	
0	
0	
0	
0	
0	
0	
0	
0	
0	
0	
0	
0	
0	
0	
0	
0	
0	
0	
0	
0	
0	
1	
0	
0	
0	
0	
0	
0	
0	
0	
0	
0	
1	
0	
1	
0	
0	
0	
0	
0	
0	
0	
0	
0	
0	
0	
0	
0	
0	
0	
1	
0	
1	
0	
0	
1	
0	
0	
0	
0	
0	
0	
0	
0	
0	
0	
0	
0	
0	
0	
0	
0	
0	
0	
0	
0	
0	
0	
0	
0	
0	
0	
0	
0	
0	
0	
0	
0	
0	
0	
0	
0	
0	
0	
0	
1	
0	
1	
0	
0	
1	
1	
0	
0	
0	
0	
0	
0	
0	
0	
0	
1	
0	
0	
0	
0	
0	
0	
1	
0	
0	
0	
1	
0	
1	
1	
0	
1	
0	
0	
0	
0	
0	
0	
0	
0	
0	
0	
0	
0	
0	
0	
0	
0	
0	
0	
1	
0	
0	
0	
0	
0	
0	
1	
0	
0	
0	
0	
0	
0	
0	
0	
0	
0	
1	
0	
0	
0	
0	
0	
0	
0	
0	
0	
0	
0	
0	
0	
0	
0	
0	
0	
0	
0	
0	
0	
1	
0	
0	
0	
3	
0	
0	
0	
0	
1	
0	
0	
1	
0	
0	
0	
0	
0	
0	
1	
0	
0	
0	
0	
0	
0	
0	
0	
1	
1	
0	
0	
1	
1	
0	
1	
0	
0	
0	
1	
1	
0	
0	
0	
0	
0	
0	
0	
0	
0	
1	
0	
0	
0	
0	
0	
0	
0	
0	
0	
0	
0	
0	
0	
0	
0	
0	
1	
1	
0	
1	
0	
0	
0	
0	
0	
0	
0	
0	
0	
1	
0	
1	
1	
0	
1	
0	
0	
0	
1	
0	
0	
0	
1	
0	
0	
1	
0	
0	
0	
0	
0	
0	
0	
0	
0	
0	
0	
0	
0	
0	
1	
0	
0	
0	
1	
0	
0	
1	
0	
1	
0	
0	
0	
0	
0	
0	
0	
0	
0	
0	
0	
0	
0	
0	
0	
0	
0	
0	
0	
0	
0	
0	
0	
0	
0	
0	
0	
1	
0	
0	
0	
0	
0	
0	
0	
0	
0	
0	
1	
0	
1	
0	
0	
0	
0	
0	
0	
0	
0	
1	
0	
1	
0	
0	
1	
0	
0	
0	
0	
0	
0	
1	
0	
0	
0	
0	
0	
0	
0	
0	
0	
1	
1	
1	
0	
0	
0	
0	
0	
0	
0	
0	
0	
0	
0	
0	
0	
0	
0	
0	
0	
1	
0	
0	
0	
0	
0	
0	
0	
0	
0	
1	
0	
0	
0	
0	
0	
1	
1	
0	
0	
0	
1	
0	
1	
0	
1	
1	
0	
0	
0	
0	
0	
0	
0	
0	
0	
0	
1	
0	
0	
0	
0	
0	
1	
0	
1	
0	
1	
0	
0	
0	
0	
0	
1	
0	
0	
0	
0	
0	
0	
0	
0	
1	
0	
0	
0	
0	
0	
0	
0	
0	
0	
0	
0	
0	
0	
0	
0	
0	
0	
0	
0	
0	
0	
0	
0	
0	
0	
0	
0	
1	
1	
0	
0	
0	
0	
0	
0	
0	
1	
0	
0	
1	
0	
0	
0	
0	
0	
0	
0	
0	
0	
0	
0	
1	
0	
0	
0	
0	
0	
0	
0	
2	
1	
1	
0	
0	
0	
0	
0	
0	
0	
0	
0	
0	
0	
0	
0	
0	
0	
0	
0	
0	
0	
0	
1	
0	
0	
0	
0	
0	
0	
1	
0	
0	
1	
0	
0	
0	
0	
1	
1	
1	
0	
1	
0	
0	
0	
0	
2	
0	
0	
1	
0	
0	
1	
1	
0	
1	
0	
1	
0	
0	
0	
0	
0	
0	
1	
0	
0	
1	
0	
0	
0	
0	
1	
0	
1	
0	
0	
0	
0	
0	
1	
0	
0	
0	
0	
0	
0	
0	
1	
0	
0	
0	
1	
0	
0	
0	
0	
0	
0	
0	
0	
0	
0	
1	
0	
0	
1	
0	
0	
0	
0	
1	
0	
2	
0	
0	
0	
0	
0	
0	
0	
0	
0	
0	
0	
0	
0	
1	
0	
0	
0	
0	
0	
0	
0	
0	
1	
0	
0	
0	
0	
0	
0	
0	
1	
1	
0	
0	
1	
0	
0	
0	
0	
0	
0	
0	
0	
0	
0	
0	
0	
0	
0	
0	
0	
1	
0	
0	
0	
0	
1	
0	
0	
0	
0	
0	
0	
0	
0	
0	
0	
0	
0	
0	
1	
0	
