#PicoHarp 300  Histogram Data			18/12/2022 05:45:41 PM
#channels per curve
6250
#display curve no.
0	
#memory block no.
0	
#ns/channel
0.0160	
#counts
0	
0	
0	
0	
0	
1	
0	
0	
0	
0	
0	
0	
0	
0	
0	
0	
0	
0	
0	
0	
0	
1	
0	
0	
0	
0	
0	
0	
0	
0	
0	
0	
1	
1	
0	
0	
0	
0	
0	
0	
0	
0	
0	
0	
0	
0	
0	
0	
0	
0	
0	
0	
0	
0	
0	
0	
0	
0	
0	
0	
0	
0	
0	
0	
0	
1	
0	
0	
0	
0	
0	
0	
0	
0	
0	
0	
0	
0	
0	
0	
0	
0	
0	
0	
0	
1	
0	
0	
0	
0	
0	
0	
0	
0	
0	
0	
0	
0	
0	
0	
0	
0	
0	
0	
0	
0	
0	
0	
0	
0	
0	
0	
0	
0	
0	
0	
0	
0	
0	
0	
0	
0	
0	
0	
0	
0	
0	
0	
0	
0	
0	
0	
0	
0	
0	
1	
0	
0	
0	
0	
0	
0	
0	
0	
0	
0	
0	
0	
0	
1	
0	
1	
0	
0	
0	
0	
0	
0	
0	
0	
0	
0	
0	
0	
0	
0	
0	
0	
0	
0	
0	
0	
0	
0	
0	
0	
0	
0	
0	
0	
0	
0	
0	
0	
0	
0	
0	
0	
0	
0	
0	
0	
0	
0	
0	
0	
0	
0	
0	
0	
0	
0	
0	
0	
0	
0	
0	
0	
0	
0	
0	
0	
2	
0	
0	
0	
0	
0	
0	
0	
0	
0	
0	
0	
0	
0	
0	
0	
0	
0	
0	
0	
0	
0	
0	
0	
0	
0	
0	
0	
0	
0	
0	
0	
0	
0	
0	
0	
0	
0	
0	
0	
0	
0	
0	
0	
0	
0	
0	
0	
0	
0	
0	
1	
0	
0	
0	
0	
0	
0	
0	
0	
0	
0	
0	
0	
1	
0	
0	
0	
0	
0	
0	
0	
0	
0	
0	
0	
0	
0	
0	
0	
0	
0	
0	
0	
0	
0	
0	
0	
0	
0	
0	
1	
0	
0	
0	
0	
0	
0	
0	
0	
0	
0	
0	
0	
0	
0	
0	
0	
0	
0	
0	
0	
0	
0	
0	
0	
0	
0	
0	
0	
0	
0	
0	
0	
0	
0	
0	
0	
0	
0	
1	
0	
0	
0	
0	
0	
0	
0	
0	
0	
0	
0	
0	
0	
0	
0	
0	
0	
0	
0	
0	
0	
0	
0	
1	
0	
0	
0	
0	
0	
0	
0	
0	
0	
0	
0	
0	
0	
0	
0	
0	
0	
0	
0	
0	
0	
0	
0	
0	
0	
0	
0	
0	
0	
0	
0	
0	
0	
0	
0	
0	
0	
0	
0	
0	
0	
0	
0	
0	
0	
0	
0	
0	
0	
0	
0	
0	
0	
0	
0	
0	
0	
0	
0	
1	
0	
0	
0	
0	
0	
0	
0	
0	
0	
0	
0	
0	
0	
0	
0	
0	
0	
0	
0	
0	
0	
0	
0	
0	
0	
0	
0	
0	
0	
0	
0	
0	
0	
0	
0	
0	
0	
0	
0	
0	
0	
0	
0	
0	
0	
0	
0	
0	
1	
0	
0	
0	
0	
0	
0	
0	
0	
0	
0	
0	
1	
0	
0	
0	
0	
0	
0	
0	
0	
0	
0	
0	
1	
0	
0	
0	
0	
0	
0	
0	
0	
0	
0	
0	
0	
0	
0	
0	
0	
0	
0	
0	
0	
0	
0	
0	
0	
0	
0	
1	
0	
1	
0	
0	
0	
0	
0	
0	
0	
0	
0	
0	
0	
0	
0	
0	
0	
0	
0	
0	
0	
0	
0	
0	
0	
0	
0	
0	
0	
0	
0	
0	
0	
0	
0	
0	
0	
0	
0	
0	
0	
0	
0	
0	
0	
0	
0	
0	
0	
0	
0	
0	
0	
0	
0	
0	
1	
0	
0	
0	
0	
0	
0	
0	
0	
0	
0	
0	
0	
0	
0	
0	
0	
0	
0	
0	
0	
0	
0	
0	
0	
0	
0	
1	
0	
0	
0	
0	
0	
0	
0	
0	
0	
0	
0	
0	
0	
0	
0	
0	
0	
0	
0	
0	
0	
0	
0	
0	
0	
0	
0	
0	
0	
0	
0	
0	
0	
0	
0	
0	
0	
0	
0	
0	
0	
0	
0	
0	
0	
0	
0	
0	
0	
0	
0	
0	
0	
1	
0	
0	
0	
0	
0	
0	
0	
0	
0	
0	
0	
0	
0	
0	
0	
0	
0	
0	
0	
0	
0	
0	
0	
0	
0	
0	
0	
0	
0	
0	
0	
0	
0	
0	
0	
0	
0	
0	
0	
0	
0	
0	
0	
0	
0	
0	
0	
0	
0	
0	
0	
0	
0	
0	
0	
0	
0	
0	
0	
0	
0	
0	
0	
0	
0	
0	
0	
0	
0	
0	
1	
0	
0	
0	
0	
0	
0	
0	
0	
0	
0	
0	
0	
0	
0	
0	
0	
0	
0	
0	
1	
0	
0	
0	
0	
0	
0	
0	
0	
0	
0	
0	
0	
0	
0	
0	
0	
0	
0	
0	
0	
0	
0	
0	
0	
0	
0	
0	
0	
0	
0	
0	
0	
0	
0	
0	
0	
1	
0	
0	
0	
0	
0	
0	
0	
0	
0	
0	
0	
0	
0	
0	
0	
0	
0	
0	
1	
0	
0	
0	
0	
0	
2	
1	
0	
0	
1	
0	
0	
0	
0	
0	
0	
0	
0	
0	
0	
0	
0	
0	
3	
15	
96	
349	
912	
1848	
3323	
4933	
6883	
8010	
9000	
9248	
9612	
9744	
9714	
9718	
9665	
9855	
9811	
10000	
9825	
9788	
9776	
9888	
9768	
9712	
9577	
9653	
9729	
9604	
9641	
9723	
9440	
9468	
9621	
9534	
9629	
9504	
9667	
9532	
9516	
9512	
9554	
9346	
9304	
9491	
9237	
9105	
9122	
8986	
9148	
8967	
8990	
9025	
8899	
9000	
9127	
8999	
8788	
8650	
8886	
8618	
8666	
8567	
8566	
8812	
8559	
8567	
8629	
8543	
8433	
8470	
8323	
8367	
8396	
8277	
8441	
8217	
8369	
8335	
8096	
8314	
8015	
7962	
8046	
7932	
8044	
8007	
7892	
8014	
7858	
7754	
7799	
7984	
7617	
7711	
7637	
7654	
7703	
7723	
7715	
7601	
7607	
7552	
7374	
7456	
7492	
7294	
7329	
7274	
7291	
7300	
7222	
7292	
7152	
7124	
7014	
7305	
7102	
7146	
7047	
7057	
7092	
6842	
6960	
6996	
7003	
6916	
6817	
6876	
6736	
6767	
6767	
6744	
6690	
6680	
6574	
6716	
6722	
6735	
6627	
6386	
6509	
6533	
6446	
6423	
6471	
6439	
6217	
6360	
6111	
6317	
6312	
6352	
6215	
6209	
6223	
6154	
6061	
6029	
6181	
6143	
6022	
6011	
6021	
6029	
5964	
5993	
6003	
5954	
5930	
5929	
5794	
5790	
5815	
5721	
5743	
5854	
5713	
5685	
5552	
5781	
5782	
5573	
5558	
5694	
5535	
5494	
5663	
5577	
5401	
5493	
5397	
5409	
5188	
5312	
5444	
5293	
5416	
5276	
5327	
5324	
5204	
5117	
5400	
5262	
5298	
5183	
5177	
5190	
5019	
5077	
4988	
5077	
5122	
5086	
5020	
4980	
4959	
5005	
4917	
4960	
4867	
4845	
4834	
4673	
4729	
4742	
4818	
4883	
4770	
4658	
4744	
4579	
4621	
4616	
4565	
4437	
4635	
4582	
4601	
4522	
4565	
4519	
4492	
4502	
4533	
4353	
4411	
4441	
4474	
4357	
4456	
4422	
4190	
4318	
4314	
4383	
4203	
4242	
4147	
4140	
4201	
4227	
4173	
4165	
4164	
4055	
4018	
4139	
4064	
4059	
4079	
4095	
3952	
4058	
3964	
4014	
4028	
3928	
3972	
3954	
3922	
3936	
3837	
3878	
3825	
3720	
3904	
3794	
3845	
3848	
3700	
3735	
3795	
3717	
3754	
3655	
3697	
3780	
3631	
3710	
3576	
3594	
3615	
3691	
3463	
3633	
3513	
3530	
3524	
3468	
3467	
3509	
3405	
3563	
3482	
3500	
3444	
3440	
3401	
3399	
3388	
3320	
3520	
3387	
3299	
3281	
3364	
3262	
3293	
3344	
3290	
3189	
3311	
3275	
3227	
3237	
3190	
3200	
3144	
3110	
3141	
3138	
3111	
3137	
3096	
3042	
3081	
3177	
3143	
3022	
3086	
3074	
2988	
3047	
3050	
3136	
2987	
2963	
3010	
2904	
2941	
2871	
2859	
2884	
2890	
2808	
2983	
2868	
2919	
2810	
2771	
2779	
2833	
2797	
2795	
2791	
2760	
2783	
2795	
2814	
2692	
2769	
2730	
2636	
2693	
2597	
2657	
2666	
2583	
2630	
2648	
2632	
2502	
2557	
2657	
2502	
2589	
2617	
2618	
2574	
2564	
2487	
2489	
2563	
2443	
2476	
2519	
2434	
2418	
2420	
2364	
2532	
2434	
2429	
2399	
2363	
2358	
2374	
2436	
2462	
2402	
2279	
2345	
2302	
2401	
2257	
2347	
2294	
2215	
2337	
2372	
2270	
2324	
2294	
2228	
2262	
2225	
2179	
2190	
2196	
2137	
2206	
2156	
2158	
2186	
2209	
2209	
2120	
2100	
2088	
2133	
2072	
2132	
2121	
2116	
2042	
2055	
2033	
2120	
2079	
1975	
2003	
2072	
2003	
1954	
1977	
2071	
2011	
2025	
1999	
1946	
1975	
1962	
2025	
1968	
1955	
1962	
1899	
1855	
1924	
1857	
1952	
1878	
1881	
1879	
1872	
1859	
1814	
1834	
1830	
1812	
1855	
1876	
1779	
1809	
1778	
1777	
1787	
1749	
1793	
1801	
1820	
1810	
1688	
1656	
1705	
1731	
1700	
1746	
1767	
1695	
1790	
1740	
1671	
1660	
1712	
1670	
1614	
1623	
1685	
1649	
1608	
1578	
1629	
1595	
1595	
1570	
1601	
1667	
1611	
1636	
1587	
1534	
1613	
1592	
1597	
1581	
1553	
1530	
1519	
1463	
1590	
1559	
1513	
1487	
1526	
1497	
1444	
1485	
1443	
1474	
1535	
1494	
1422	
1446	
1466	
1487	
1511	
1435	
1421	
1416	
1366	
1444	
1404	
1389	
1402	
1348	
1418	
1390	
1403	
1382	
1294	
1366	
1311	
1396	
1401	
1370	
1307	
1384	
1352	
1303	
1295	
1330	
1349	
1297	
1259	
1275	
1364	
1305	
1215	
1287	
1300	
1286	
1239	
1272	
1234	
1188	
1241	
1263	
1227	
1236	
1238	
1223	
1234	
1255	
1187	
1206	
1192	
1241	
1217	
1264	
1192	
1250	
1181	
1182	
1225	
1170	
1215	
1209	
1149	
1166	
1146	
1133	
1130	
1173	
1153	
1119	
1184	
1077	
1085	
1128	
1081	
1095	
1091	
1104	
1102	
1035	
1143	
1081	
1070	
1053	
1072	
1040	
1046	
1054	
1005	
1082	
1060	
1038	
993	
1045	
1039	
958	
1060	
1052	
1020	
1026	
1051	
1008	
1003	
1024	
1037	
987	
994	
1009	
1028	
1001	
1000	
929	
1014	
987	
1024	
947	
928	
935	
908	
912	
939	
945	
910	
954	
946	
930	
884	
899	
963	
895	
855	
875	
902	
933	
895	
874	
904	
920	
907	
849	
876	
867	
879	
828	
884	
825	
867	
817	
812	
886	
826	
807	
782	
869	
855	
869	
838	
816	
820	
785	
835	
823	
800	
788	
850	
825	
763	
813	
764	
793	
703	
813	
861	
817	
820	
831	
795	
795	
767	
751	
724	
786	
729	
779	
743	
752	
774	
723	
753	
709	
721	
707	
776	
695	
717	
730	
687	
703	
740	
699	
674	
702	
687	
731	
660	
681	
700	
693	
669	
720	
664	
700	
679	
672	
707	
682	
676	
686	
691	
657	
678	
693	
653	
635	
618	
658	
661	
665	
673	
643	
636	
611	
637	
638	
629	
630	
594	
584	
590	
636	
661	
665	
597	
616	
594	
578	
559	
608	
610	
631	
621	
553	
592	
568	
548	
591	
585	
597	
548	
580	
600	
614	
555	
574	
561	
569	
558	
544	
570	
584	
525	
523	
539	
505	
511	
544	
553	
535	
548	
517	
521	
523	
520	
511	
531	
528	
524	
527	
552	
548	
480	
539	
522	
551	
477	
517	
524	
495	
486	
495	
497	
461	
485	
444	
491	
508	
459	
493	
434	
445	
525	
485	
482	
466	
469	
426	
486	
456	
452	
456	
425	
471	
457	
458	
486	
455	
454	
432	
463	
420	
453	
448	
501	
437	
437	
496	
415	
431	
424	
404	
443	
429	
415	
431	
428	
436	
412	
403	
457	
439	
396	
449	
380	
369	
369	
430	
462	
376	
381	
399	
407	
393	
385	
391	
386	
385	
372	
382	
382	
368	
379	
395	
364	
382	
353	
403	
356	
371	
381	
370	
378	
336	
361	
395	
381	
340	
376	
376	
364	
344	
335	
314	
362	
359	
329	
368	
339	
356	
354	
347	
346	
337	
360	
340	
360	
356	
343	
297	
330	
343	
331	
364	
364	
306	
333	
299	
313	
331	
328	
330	
307	
363	
302	
328	
325	
311	
307	
333	
324	
321	
253	
308	
308	
298	
343	
282	
285	
288	
311	
279	
301	
275	
304	
248	
281	
264	
326	
272	
296	
281	
288	
299	
293	
272	
292	
281	
299	
306	
272	
263	
301	
289	
284	
264	
274	
251	
274	
269	
236	
268	
272	
279	
294	
237	
278	
284	
235	
249	
245	
269	
241	
272	
282	
249	
264	
251	
257	
252	
263	
243	
261	
252	
258	
252	
249	
220	
291	
264	
257	
251	
242	
272	
242	
240	
220	
227	
249	
226	
248	
246	
231	
235	
224	
221	
244	
202	
236	
229	
205	
212	
204	
237	
225	
263	
225	
223	
219	
210	
223	
231	
230	
225	
212	
206	
224	
214	
197	
205	
218	
195	
207	
204	
262	
166	
199	
209	
195	
212	
225	
199	
193	
199	
201	
197	
195	
186	
226	
199	
223	
174	
205	
171	
189	
197	
170	
191	
164	
185	
182	
183	
182	
161	
195	
184	
179	
216	
181	
169	
190	
177	
189	
143	
174	
194	
190	
171	
185	
173	
162	
183	
177	
183	
165	
175	
208	
178	
183	
168	
164	
185	
171	
184	
176	
162	
153	
151	
159	
182	
136	
178	
130	
161	
165	
185	
171	
144	
147	
162	
156	
138	
164	
175	
153	
152	
160	
172	
143	
140	
172	
141	
141	
164	
147	
144	
172	
156	
154	
136	
115	
137	
144	
151	
164	
141	
158	
152	
154	
141	
150	
137	
149	
142	
162	
142	
121	
124	
137	
143	
145	
134	
125	
140	
155	
124	
139	
154	
142	
143	
126	
139	
136	
134	
130	
120	
123	
124	
128	
130	
119	
132	
136	
152	
127	
120	
119	
137	
130	
103	
109	
111	
133	
119	
126	
121	
117	
125	
117	
132	
123	
113	
102	
105	
111	
128	
121	
126	
108	
109	
119	
109	
116	
106	
98	
97	
105	
126	
100	
116	
101	
108	
99	
123	
107	
121	
101	
102	
105	
94	
120	
102	
120	
114	
102	
81	
99	
93	
108	
108	
100	
91	
103	
101	
94	
82	
112	
94	
91	
129	
100	
104	
101	
93	
94	
102	
104	
99	
100	
104	
102	
94	
114	
103	
85	
97	
111	
86	
99	
86	
97	
92	
109	
71	
87	
97	
97	
83	
99	
91	
85	
83	
117	
82	
102	
80	
93	
102	
89	
92	
77	
81	
84	
99	
89	
81	
87	
98	
90	
70	
81	
100	
89	
72	
90	
87	
82	
91	
96	
87	
77	
76	
85	
80	
92	
90	
92	
79	
74	
91	
85	
77	
76	
72	
62	
88	
73	
72	
85	
80	
73	
55	
66	
72	
81	
78	
62	
75	
63	
72	
74	
66	
90	
74	
80	
75	
71	
73	
67	
75	
75	
83	
70	
59	
78	
52	
64	
67	
67	
62	
71	
59	
54	
60	
63	
74	
67	
69	
65	
58	
61	
51	
64	
51	
66	
66	
66	
51	
56	
69	
55	
76	
69	
56	
59	
68	
63	
68	
58	
59	
56	
56	
48	
55	
70	
52	
54	
51	
49	
64	
45	
55	
63	
60	
47	
51	
64	
54	
49	
54	
48	
53	
53	
49	
45	
58	
60	
52	
56	
39	
41	
54	
65	
55	
54	
52	
53	
54	
54	
54	
43	
59	
46	
42	
50	
52	
41	
48	
57	
50	
51	
50	
57	
41	
43	
65	
45	
45	
52	
44	
62	
46	
48	
52	
51	
43	
56	
59	
42	
31	
62	
50	
58	
49	
44	
38	
51	
44	
45	
40	
47	
49	
43	
33	
47	
50	
44	
47	
43	
47	
45	
39	
44	
53	
39	
42	
37	
35	
42	
47	
51	
35	
34	
40	
55	
45	
42	
38	
34	
33	
35	
35	
39	
42	
38	
38	
42	
36	
42	
31	
41	
41	
40	
31	
43	
28	
34	
40	
35	
46	
42	
25	
38	
40	
29	
50	
38	
39	
40	
34	
43	
38	
34	
41	
34	
38	
41	
37	
40	
38	
37	
41	
32	
36	
33	
35	
34	
38	
26	
34	
33	
33	
29	
38	
32	
34	
33	
36	
36	
38	
35	
28	
24	
27	
25	
24	
32	
32	
34	
29	
35	
36	
41	
34	
30	
37	
36	
32	
27	
23	
29	
39	
39	
33	
27	
38	
31	
38	
26	
29	
27	
36	
28	
30	
35	
23	
19	
41	
23	
19	
28	
31	
41	
23	
30	
19	
30	
32	
16	
22	
36	
20	
21	
31	
24	
26	
22	
22	
21	
27	
28	
30	
26	
23	
26	
30	
22	
23	
19	
19	
20	
18	
20	
26	
28	
23	
25	
21	
26	
24	
28	
28	
23	
25	
24	
29	
31	
26	
16	
29	
26	
24	
17	
30	
20	
17	
16	
37	
28	
21	
17	
24	
19	
26	
26	
21	
31	
22	
18	
19	
34	
33	
19	
17	
27	
20	
19	
25	
21	
18	
19	
17	
20	
26	
21	
27	
16	
21	
26	
22	
17	
23	
26	
19	
19	
19	
19	
24	
17	
22	
20	
18	
13	
17	
14	
13	
13	
16	
21	
24	
19	
25	
16	
21	
25	
16	
24	
10	
11	
22	
21	
23	
17	
14	
25	
23	
21	
16	
13	
10	
12	
27	
16	
18	
21	
13	
24	
23	
21	
20	
30	
16	
17	
16	
11	
9	
17	
20	
17	
14	
13	
20	
10	
21	
19	
7	
21	
24	
21	
24	
9	
15	
12	
26	
18	
16	
20	
13	
15	
15	
19	
22	
15	
14	
23	
17	
13	
7	
9	
14	
16	
7	
18	
12	
14	
7	
11	
19	
16	
19	
10	
11	
14	
14	
14	
12	
9	
18	
17	
13	
12	
16	
10	
17	
15	
12	
18	
16	
15	
18	
11	
12	
14	
12	
12	
10	
14	
6	
18	
9	
11	
17	
8	
19	
10	
10	
6	
11	
9	
20	
13	
9	
11	
13	
11	
13	
13	
15	
12	
14	
10	
14	
22	
13	
8	
14	
12	
10	
9	
12	
11	
10	
12	
16	
12	
11	
13	
14	
12	
11	
11	
9	
10	
9	
12	
5	
8	
14	
11	
9	
8	
9	
8	
11	
12	
10	
6	
16	
15	
5	
10	
6	
13	
6	
12	
13	
11	
12	
8	
9	
15	
8	
11	
8	
13	
14	
8	
5	
15	
10	
6	
12	
7	
13	
13	
11	
5	
10	
10	
5	
10	
13	
7	
14	
7	
12	
11	
8	
10	
8	
8	
7	
5	
10	
5	
6	
10	
11	
7	
12	
9	
4	
12	
12	
12	
6	
5	
9	
11	
7	
7	
10	
8	
8	
7	
7	
8	
9	
6	
12	
11	
11	
8	
12	
9	
10	
9	
3	
6	
9	
10	
6	
7	
7	
5	
5	
14	
9	
8	
4	
9	
5	
6	
4	
7	
8	
11	
9	
10	
10	
8	
14	
6	
14	
9	
6	
7	
8	
7	
5	
8	
7	
6	
9	
3	
8	
7	
4	
12	
8	
4	
7	
6	
10	
9	
4	
3	
9	
5	
9	
6	
9	
6	
7	
6	
8	
4	
2	
0	
12	
7	
5	
6	
6	
7	
5	
3	
5	
1	
14	
8	
6	
4	
10	
3	
4	
19	
7	
3	
8	
8	
5	
6	
6	
4	
5	
4	
11	
6	
5	
9	
4	
2	
7	
6	
4	
6	
7	
7	
5	
8	
5	
6	
10	
4	
3	
3	
6	
4	
8	
5	
7	
7	
1	
1	
11	
7	
7	
8	
5	
5	
2	
3	
8	
4	
5	
7	
5	
1	
7	
6	
7	
1	
7	
4	
10	
4	
4	
3	
7	
9	
7	
2	
7	
4	
4	
3	
6	
2	
5	
8	
6	
6	
6	
3	
4	
3	
8	
7	
3	
6	
3	
3	
6	
4	
7	
4	
5	
3	
3	
6	
4	
3	
0	
3	
8	
3	
4	
5	
5	
7	
4	
1	
5	
5	
5	
3	
2	
6	
3	
3	
4	
3	
3	
1	
1	
4	
2	
2	
4	
2	
5	
2	
6	
1	
8	
3	
4	
4	
5	
1	
0	
3	
4	
2	
3	
7	
1	
5	
5	
7	
4	
5	
3	
2	
6	
3	
4	
2	
3	
4	
6	
2	
5	
1	
1	
3	
7	
6	
6	
2	
3	
0	
2	
3	
7	
4	
2	
7	
5	
2	
2	
2	
6	
7	
1	
5	
2	
6	
1	
4	
4	
1	
4	
5	
5	
2	
9	
1	
2	
3	
1	
2	
1	
8	
7	
2	
2	
1	
5	
5	
4	
4	
3	
0	
2	
3	
2	
5	
4	
5	
1	
3	
1	
2	
0	
1	
1	
1	
1	
3	
5	
4	
0	
4	
3	
4	
3	
5	
3	
4	
6	
2	
3	
2	
4	
3	
6	
5	
2	
4	
6	
2	
2	
2	
2	
5	
1	
1	
1	
6	
3	
0	
3	
4	
0	
0	
3	
1	
0	
1	
1	
2	
4	
1	
0	
1	
1	
5	
0	
2	
1	
6	
4	
3	
5	
4	
1	
2	
3	
2	
1	
0	
2	
0	
4	
5	
2	
2	
4	
2	
1	
2	
2	
4	
1	
0	
3	
2	
4	
2	
3	
0	
6	
2	
2	
0	
2	
1	
4	
3	
0	
3	
1	
2	
1	
1	
1	
0	
3	
5	
1	
1	
2	
0	
6	
2	
1	
1	
3	
1	
0	
0	
1	
1	
1	
0	
2	
0	
3	
0	
2	
3	
1	
3	
1	
1	
0	
1	
4	
2	
0	
2	
1	
2	
2	
1	
2	
2	
2	
1	
3	
3	
7	
5	
2	
0	
0	
3	
1	
3	
2	
2	
3	
0	
1	
3	
1	
3	
2	
3	
1	
0	
1	
0	
4	
0	
2	
2	
0	
2	
0	
0	
1	
0	
0	
1	
2	
1	
2	
1	
2	
2	
1	
1	
0	
0	
1	
1	
1	
1	
0	
2	
1	
1	
1	
3	
2	
1	
3	
2	
3	
0	
1	
1	
2	
0	
2	
1	
0	
1	
5	
1	
1	
0	
2	
0	
1	
2	
1	
0	
0	
1	
1	
0	
4	
0	
3	
0	
4	
1	
1	
1	
0	
4	
2	
1	
1	
0	
0	
0	
0	
2	
1	
0	
0	
3	
1	
0	
0	
0	
0	
1	
0	
2	
0	
1	
2	
1	
1	
0	
1	
2	
3	
2	
1	
0	
1	
1	
0	
0	
1	
0	
0	
2	
2	
1	
1	
1	
1	
0	
2	
3	
2	
0	
0	
2	
2	
0	
0	
0	
2	
0	
2	
0	
3	
1	
0	
1	
3	
2	
0	
2	
0	
0	
2	
1	
1	
0	
2	
0	
1	
0	
0	
1	
1	
1	
3	
2	
2	
0	
0	
2	
1	
1	
1	
1	
1	
0	
0	
0	
2	
1	
0	
0	
0	
3	
1	
0	
0	
0	
3	
2	
2	
0	
2	
3	
0	
2	
0	
0	
0	
2	
0	
1	
1	
1	
4	
1	
0	
3	
0	
1	
1	
0	
2	
2	
1	
0	
1	
0	
0	
1	
0	
1	
1	
1	
1	
0	
1	
1	
0	
0	
1	
0	
0	
2	
1	
2	
0	
1	
0	
0	
0	
2	
0	
1	
0	
1	
1	
2	
2	
0	
1	
1	
0	
1	
0	
0	
1	
0	
3	
0	
1	
0	
2	
3	
1	
0	
0	
2	
0	
2	
0	
1	
0	
1	
0	
0	
0	
1	
0	
0	
1	
3	
0	
0	
1	
0	
0	
1	
0	
0	
1	
2	
3	
2	
0	
3	
3	
1	
3	
1	
1	
0	
0	
0	
1	
0	
2	
1	
0	
0	
0	
2	
0	
0	
2	
0	
3	
2	
2	
1	
2	
1	
5	
0	
1	
1	
0	
2	
2	
3	
1	
3	
1	
0	
3	
2	
0	
2	
2	
2	
4	
0	
0	
2	
0	
4	
1	
1	
3	
1	
0	
4	
5	
1	
1	
3	
3	
2	
1	
1	
4	
1	
1	
3	
3	
1	
3	
5	
7	
2	
2	
1	
4	
4	
2	
1	
3	
2	
2	
3	
4	
2	
0	
2	
4	
6	
4	
2	
3	
1	
3	
2	
4	
4	
2	
5	
4	
4	
5	
2	
3	
2	
2	
2	
4	
3	
2	
4	
4	
1	
8	
4	
6	
9	
5	
2	
4	
3	
3	
5	
4	
3	
4	
1	
3	
1	
5	
6	
2	
3	
4	
5	
4	
1	
6	
1	
4	
1	
4	
2	
4	
3	
3	
4	
3	
1	
4	
5	
2	
4	
3	
5	
0	
1	
2	
1	
8	
1	
5	
2	
4	
4	
2	
3	
7	
3	
2	
0	
1	
2	
5	
4	
4	
3	
2	
4	
2	
2	
2	
3	
2	
3	
1	
3	
2	
4	
5	
5	
6	
6	
6	
4	
2	
6	
2	
1	
4	
4	
1	
1	
1	
8	
2	
1	
3	
4	
3	
1	
1	
0	
1	
4	
3	
2	
2	
2	
1	
4	
3	
2	
3	
1	
1	
5	
3	
2	
4	
1	
2	
0	
2	
3	
6	
3	
4	
5	
3	
0	
2	
6	
2	
1	
3	
4	
4	
1	
1	
0	
6	
3	
3	
3	
3	
4	
1	
1	
3	
1	
2	
4	
5	
3	
2	
3	
1	
1	
1	
2	
2	
4	
4	
0	
2	
3	
2	
3	
1	
3	
1	
1	
2	
2	
2	
3	
1	
2	
5	
1	
0	
3	
1	
3	
4	
2	
0	
3	
3	
3	
0	
0	
6	
2	
3	
4	
2	
3	
4	
4	
2	
1	
1	
2	
1	
1	
0	
2	
2	
1	
2	
1	
3	
3	
1	
0	
2	
2	
3	
0	
5	
3	
3	
0	
3	
1	
2	
1	
1	
2	
1	
2	
2	
3	
1	
0	
1	
4	
0	
3	
1	
3	
2	
3	
5	
0	
1	
2	
2	
1	
0	
2	
5	
0	
2	
0	
0	
5	
0	
2	
1	
3	
1	
1	
2	
2	
0	
1	
2	
5	
0	
4	
1	
2	
2	
2	
0	
1	
1	
1	
1	
2	
2	
4	
0	
0	
0	
2	
0	
2	
1	
2	
0	
4	
1	
0	
3	
0	
0	
0	
2	
1	
3	
2	
2	
1	
1	
1	
1	
3	
0	
1	
0	
0	
0	
1	
3	
1	
2	
0	
1	
1	
2	
0	
1	
1	
2	
2	
3	
5	
4	
1	
2	
2	
1	
2	
0	
1	
2	
0	
0	
0	
1	
0	
0	
0	
3	
1	
1	
1	
1	
2	
0	
0	
0	
2	
1	
1	
0	
1	
1	
0	
2	
0	
1	
0	
0	
4	
1	
2	
3	
2	
1	
1	
1	
1	
2	
1	
1	
2	
1	
0	
1	
0	
1	
2	
0	
0	
1	
1	
1	
1	
2	
0	
0	
0	
2	
0	
1	
0	
1	
1	
2	
1	
3	
0	
1	
2	
2	
1	
3	
0	
0	
1	
1	
1	
0	
2	
3	
2	
0	
2	
1	
0	
1	
0	
0	
1	
1	
2	
2	
2	
1	
0	
0	
0	
1	
0	
0	
1	
0	
1	
1	
0	
0	
0	
1	
0	
1	
1	
1	
1	
1	
0	
1	
0	
2	
1	
1	
0	
3	
1	
1	
1	
0	
0	
0	
0	
3	
1	
0	
1	
2	
0	
1	
0	
1	
2	
0	
2	
0	
0	
1	
0	
2	
0	
0	
1	
0	
0	
1	
1	
0	
1	
0	
0	
3	
0	
2	
2	
0	
0	
0	
1	
2	
1	
0	
2	
0	
0	
0	
0	
2	
1	
4	
0	
0	
0	
0	
0	
1	
1	
3	
1	
0	
0	
1	
4	
0	
1	
0	
1	
0	
2	
0	
0	
1	
0	
0	
0	
1	
0	
1	
1	
0	
0	
1	
1	
0	
0	
0	
0	
0	
0	
0	
1	
1	
0	
0	
0	
1	
1	
1	
1	
0	
3	
0	
0	
1	
1	
0	
3	
0	
0	
1	
1	
0	
1	
0	
1	
0	
0	
1	
1	
2	
0	
0	
1	
0	
0	
1	
0	
0	
0	
0	
1	
1	
0	
1	
0	
1	
0	
1	
0	
0	
0	
3	
0	
0	
0	
0	
1	
0	
2	
0	
0	
1	
0	
2	
0	
0	
3	
1	
1	
0	
0	
0	
1	
0	
2	
1	
0	
1	
0	
0	
1	
0	
0	
0	
1	
1	
0	
0	
1	
0	
1	
1	
1	
0	
0	
0	
1	
0	
1	
0	
0	
0	
0	
1	
0	
0	
0	
1	
1	
0	
1	
0	
1	
0	
0	
0	
0	
1	
3	
0	
1	
0	
0	
1	
0	
1	
0	
0	
0	
0	
1	
2	
0	
3	
1	
0	
2	
0	
0	
0	
0	
0	
0	
0	
1	
0	
0	
1	
1	
0	
0	
0	
0	
1	
0	
0	
0	
0	
1	
0	
0	
1	
0	
0	
1	
0	
0	
0	
1	
0	
2	
0	
1	
1	
0	
1	
0	
1	
0	
0	
0	
0	
0	
0	
1	
0	
0	
1	
0	
0	
1	
1	
0	
1	
0	
1	
0	
1	
0	
0	
0	
0	
0	
0	
0	
0	
0	
0	
1	
0	
1	
0	
0	
1	
1	
0	
0	
0	
1	
0	
0	
0	
0	
0	
1	
0	
0	
0	
0	
0	
1	
1	
0	
0	
0	
0	
0	
0	
0	
0	
2	
1	
0	
0	
0	
0	
0	
1	
1	
0	
1	
0	
0	
0	
1	
0	
1	
0	
0	
0	
0	
0	
0	
2	
0	
1	
1	
1	
0	
0	
0	
0	
0	
0	
0	
0	
0	
1	
0	
0	
0	
0	
1	
0	
0	
2	
0	
1	
0	
0	
0	
1	
0	
0	
0	
0	
0	
0	
0	
1	
1	
1	
0	
0	
0	
0	
0	
0	
0	
0	
0	
0	
0	
0	
0	
1	
0	
0	
0	
0	
0	
0	
1	
0	
2	
0	
0	
0	
1	
2	
0	
0	
0	
1	
1	
0	
1	
0	
1	
0	
0	
0	
0	
0	
0	
0	
0	
0	
0	
0	
1	
0	
1	
0	
0	
1	
1	
0	
0	
0	
0	
0	
1	
0	
0	
0	
1	
0	
0	
0	
0	
0	
0	
0	
0	
0	
0	
0	
0	
0	
0	
0	
0	
0	
0	
0	
0	
0	
0	
0	
0	
0	
0	
0	
0	
0	
1	
0	
1	
0	
0	
1	
0	
0	
0	
0	
1	
0	
0	
0	
0	
0	
1	
0	
0	
0	
0	
0	
0	
0	
0	
0	
0	
1	
0	
0	
0	
0	
0	
0	
0	
0	
0	
0	
0	
0	
0	
0	
0	
0	
1	
0	
0	
0	
0	
1	
0	
0	
0	
1	
0	
0	
1	
0	
0	
0	
0	
0	
0	
0	
0	
0	
0	
0	
0	
1	
0	
1	
0	
0	
0	
0	
0	
0	
0	
1	
0	
0	
0	
0	
0	
0	
1	
0	
0	
0	
0	
0	
0	
0	
0	
0	
0	
0	
0	
1	
1	
0	
0	
1	
1	
0	
0	
0	
0	
0	
0	
1	
0	
0	
0	
0	
1	
0	
0	
0	
0	
0	
0	
0	
0	
0	
1	
0	
0	
0	
0	
0	
0	
0	
0	
0	
0	
0	
0	
0	
0	
0	
0	
0	
0	
0	
0	
0	
0	
0	
0	
0	
0	
0	
0	
0	
1	
0	
0	
0	
1	
0	
0	
0	
0	
0	
0	
0	
0	
0	
0	
0	
0	
0	
0	
0	
1	
0	
1	
0	
0	
1	
0	
0	
0	
0	
0	
3	
0	
0	
1	
0	
0	
1	
0	
0	
0	
1	
0	
0	
0	
1	
0	
0	
1	
1	
1	
0	
0	
0	
1	
0	
0	
0	
1	
0	
0	
0	
0	
0	
0	
0	
0	
0	
0	
0	
0	
1	
0	
0	
0	
1	
0	
0	
0	
0	
0	
0	
0	
0	
0	
0	
1	
0	
0	
0	
0	
0	
1	
1	
0	
0	
0	
0	
1	
0	
0	
0	
0	
0	
0	
0	
0	
0	
0	
0	
0	
0	
0	
0	
1	
1	
0	
0	
0	
0	
0	
0	
0	
0	
0	
0	
0	
0	
0	
0	
0	
0	
0	
0	
0	
0	
0	
0	
0	
0	
0	
0	
0	
0	
0	
0	
0	
0	
0	
0	
0	
0	
0	
1	
0	
0	
0	
0	
0	
0	
0	
0	
0	
1	
0	
0	
0	
0	
0	
0	
1	
0	
1	
0	
0	
0	
0	
0	
1	
0	
2	
1	
0	
0	
1	
0	
0	
1	
0	
0	
0	
0	
1	
0	
1	
0	
0	
0	
0	
0	
0	
0	
0	
0	
1	
0	
0	
0	
0	
0	
0	
0	
0	
0	
0	
1	
0	
0	
0	
0	
0	
0	
0	
0	
1	
0	
0	
0	
0	
0	
0	
0	
0	
0	
0	
0	
1	
0	
0	
0	
1	
0	
0	
0	
0	
0	
0	
0	
0	
0	
0	
0	
0	
0	
0	
0	
0	
0	
0	
0	
0	
0	
0	
0	
0	
0	
0	
0	
0	
0	
0	
0	
0	
0	
0	
0	
0	
0	
0	
0	
0	
0	
0	
0	
0	
0	
1	
0	
0	
0	
0	
0	
0	
0	
0	
0	
0	
0	
0	
0	
0	
0	
0	
0	
0	
0	
0	
0	
0	
0	
0	
0	
0	
0	
0	
0	
0	
0	
0	
0	
0	
0	
0	
0	
0	
0	
0	
0	
0	
0	
0	
0	
1	
0	
1	
1	
0	
0	
0	
1	
0	
0	
0	
0	
0	
0	
0	
0	
0	
0	
0	
0	
0	
0	
0	
1	
0	
0	
0	
0	
0	
0	
0	
0	
0	
0	
0	
0	
1	
0	
0	
0	
0	
1	
0	
0	
0	
0	
0	
0	
0	
0	
1	
0	
0	
0	
0	
1	
0	
0	
0	
0	
0	
0	
0	
0	
0	
1	
0	
0	
0	
0	
0	
0	
0	
0	
0	
0	
0	
0	
1	
0	
0	
0	
0	
0	
0	
1	
0	
0	
0	
0	
0	
0	
0	
0	
0	
0	
0	
0	
0	
0	
0	
0	
0	
0	
0	
0	
0	
1	
0	
0	
0	
0	
0	
0	
0	
0	
0	
0	
1	
0	
0	
0	
0	
0	
0	
0	
0	
1	
0	
0	
0	
0	
0	
0	
0	
0	
0	
0	
0	
0	
0	
0	
0	
0	
0	
0	
0	
0	
0	
0	
1	
0	
0	
0	
0	
0	
0	
0	
0	
0	
0	
0	
0	
0	
1	
0	
1	
0	
0	
0	
0	
1	
0	
0	
0	
0	
0	
0	
0	
2	
0	
0	
0	
0	
1	
0	
0	
0	
0	
0	
0	
0	
0	
0	
0	
0	
0	
0	
1	
0	
0	
0	
0	
0	
0	
0	
1	
0	
0	
0	
0	
0	
1	
0	
0	
0	
0	
0	
0	
0	
0	
0	
1	
0	
0	
0	
1	
0	
0	
0	
0	
0	
0	
0	
0	
0	
0	
0	
0	
0	
0	
0	
0	
0	
0	
0	
0	
0	
0	
0	
1	
0	
0	
1	
1	
0	
0	
0	
0	
0	
1	
0	
0	
0	
0	
0	
0	
0	
0	
0	
0	
1	
0	
0	
0	
0	
0	
0	
0	
0	
0	
0	
0	
0	
0	
1	
0	
0	
1	
0	
0	
0	
0	
0	
0	
0	
0	
1	
0	
0	
0	
0	
0	
0	
1	
0	
0	
0	
0	
0	
0	
0	
0	
2	
0	
0	
0	
0	
0	
0	
0	
0	
0	
0	
0	
0	
0	
0	
0	
0	
0	
0	
0	
0	
2	
0	
0	
0	
0	
0	
0	
0	
0	
0	
1	
0	
0	
0	
1	
0	
1	
0	
0	
0	
0	
0	
0	
0	
0	
0	
1	
0	
0	
0	
0	
0	
0	
0	
0	
0	
0	
0	
0	
0	
0	
0	
0	
0	
0	
0	
0	
0	
0	
0	
0	
0	
0	
0	
0	
0	
0	
0	
0	
0	
0	
0	
0	
0	
0	
0	
0	
0	
0	
0	
0	
0	
1	
0	
0	
0	
0	
0	
0	
0	
0	
0	
0	
0	
0	
0	
0	
0	
0	
0	
0	
0	
1	
0	
0	
0	
0	
0	
0	
0	
1	
0	
0	
0	
0	
0	
0	
0	
0	
0	
0	
0	
0	
0	
0	
0	
0	
0	
0	
0	
0	
0	
0	
0	
0	
0	
1	
0	
0	
0	
0	
0	
0	
0	
0	
0	
0	
0	
0	
0	
0	
0	
0	
0	
0	
1	
0	
0	
0	
0	
0	
0	
0	
0	
0	
0	
0	
0	
1	
0	
0	
0	
0	
0	
0	
0	
0	
0	
0	
0	
0	
0	
0	
0	
0	
0	
0	
0	
0	
0	
0	
0	
0	
0	
0	
0	
0	
0	
0	
0	
0	
0	
0	
1	
0	
0	
0	
1	
0	
0	
0	
0	
0	
0	
1	
1	
0	
0	
0	
0	
0	
0	
0	
0	
0	
0	
0	
0	
0	
0	
0	
0	
0	
0	
0	
0	
0	
0	
0	
1	
0	
0	
0	
0	
1	
0	
0	
0	
0	
0	
0	
0	
1	
0	
0	
1	
0	
0	
0	
0	
0	
0	
0	
0	
0	
1	
0	
0	
0	
0	
1	
0	
0	
0	
1	
0	
1	
0	
0	
0	
0	
0	
0	
0	
0	
0	
0	
1	
0	
0	
0	
1	
0	
0	
0	
0	
0	
0	
0	
0	
0	
0	
1	
0	
2	
0	
0	
0	
0	
0	
0	
0	
1	
0	
0	
0	
0	
0	
0	
0	
0	
0	
0	
0	
0	
0	
0	
0	
0	
0	
0	
0	
0	
0	
1	
0	
0	
0	
0	
0	
0	
0	
0	
0	
0	
0	
0	
1	
0	
1	
0	
0	
0	
0	
0	
0	
0	
0	
0	
1	
0	
0	
0	
2	
0	
0	
0	
0	
0	
0	
0	
0	
1	
0	
0	
0	
0	
0	
0	
0	
0	
0	
0	
0	
0	
0	
1	
0	
0	
0	
0	
0	
1	
1	
0	
0	
0	
0	
0	
0	
0	
0	
0	
0	
0	
1	
0	
0	
0	
1	
0	
0	
0	
0	
0	
0	
1	
0	
0	
0	
0	
0	
1	
0	
0	
0	
0	
0	
0	
0	
0	
0	
0	
1	
1	
0	
0	
0	
1	
0	
0	
0	
0	
0	
0	
0	
0	
0	
1	
0	
0	
0	
0	
2	
0	
0	
0	
0	
0	
1	
0	
0	
0	
0	
0	
0	
2	
0	
2	
0	
0	
0	
0	
0	
1	
0	
0	
0	
0	
0	
0	
0	
0	
0	
1	
1	
0	
1	
0	
0	
0	
0	
0	
0	
0	
1	
0	
1	
0	
0	
2	
0	
0	
0	
0	
0	
0	
1	
1	
0	
1	
1	
1	
0	
0	
0	
0	
0	
0	
1	
0	
0	
0	
1	
1	
0	
0	
1	
0	
0	
0	
0	
0	
0	
0	
1	
0	
0	
0	
0	
0	
1	
0	
0	
0	
0	
0	
0	
0	
0	
1	
0	
0	
0	
0	
0	
1	
0	
0	
0	
0	
0	
0	
0	
0	
0	
0	
0	
0	
1	
1	
0	
0	
1	
0	
0	
0	
0	
0	
1	
0	
0	
0	
0	
0	
1	
1	
0	
0	
0	
0	
2	
0	
0	
0	
1	
0	
0	
0	
0	
0	
0	
1	
0	
0	
0	
0	
0	
1	
1	
0	
0	
0	
0	
0	
0	
0	
0	
1	
0	
0	
0	
0	
1	
0	
0	
0	
0	
1	
1	
0	
0	
0	
0	
0	
0	
0	
0	
0	
1	
0	
0	
0	
1	
0	
0	
0	
0	
0	
1	
0	
0	
1	
0	
1	
0	
0	
1	
0	
0	
1	
0	
0	
0	
0	
1	
1	
0	
0	
1	
0	
0	
1	
0	
0	
0	
0	
0	
0	
0	
0	
1	
0	
0	
1	
0	
0	
0	
0	
2	
0	
0	
1	
0	
2	
0	
0	
0	
0	
0	
0	
0	
0	
0	
1	
0	
0	
0	
0	
0	
0	
0	
0	
0	
0	
0	
1	
0	
0	
0	
0	
0	
0	
0	
0	
1	
0	
0	
0	
1	
0	
1	
0	
1	
0	
0	
1	
0	
0	
0	
0	
0	
1	
0	
0	
0	
0	
0	
0	
1	
0	
1	
0	
0	
0	
0	
0	
1	
0	
0	
0	
0	
1	
0	
0	
0	
1	
0	
1	
0	
0	
0	
0	
0	
