#PicoHarp 300  Histogram Data			18/12/2022 07:08:45 PM
#channels per curve
6250
#display curve no.
0	
#memory block no.
0	
#ns/channel
0.0160	
#counts
0	
0	
0	
0	
0	
0	
0	
0	
0	
0	
0	
0	
0	
0	
0	
0	
0	
0	
0	
0	
0	
0	
0	
0	
0	
0	
0	
0	
0	
0	
0	
0	
0	
0	
0	
0	
0	
0	
0	
0	
0	
0	
0	
0	
0	
0	
0	
0	
0	
0	
0	
0	
0	
0	
0	
0	
0	
0	
0	
0	
0	
0	
0	
0	
0	
0	
0	
0	
0	
0	
0	
0	
0	
0	
0	
0	
0	
0	
0	
0	
0	
0	
0	
0	
0	
0	
0	
0	
0	
0	
0	
0	
0	
0	
0	
0	
0	
0	
0	
0	
0	
0	
0	
0	
0	
0	
0	
0	
0	
0	
0	
0	
0	
0	
0	
0	
0	
0	
0	
0	
0	
0	
0	
0	
0	
0	
0	
0	
0	
0	
0	
0	
0	
0	
0	
0	
0	
0	
0	
0	
0	
0	
0	
0	
0	
0	
0	
0	
0	
0	
0	
0	
0	
0	
0	
0	
0	
0	
0	
0	
0	
0	
0	
0	
0	
0	
0	
0	
0	
0	
0	
0	
0	
0	
0	
0	
0	
0	
0	
0	
0	
0	
0	
0	
0	
0	
0	
0	
0	
0	
0	
0	
0	
0	
0	
0	
0	
0	
0	
0	
0	
0	
0	
0	
0	
0	
0	
0	
0	
0	
0	
0	
0	
0	
0	
0	
0	
0	
0	
0	
0	
0	
0	
0	
0	
0	
0	
0	
0	
0	
0	
0	
0	
0	
0	
0	
1	
0	
0	
0	
0	
0	
0	
0	
0	
0	
0	
0	
0	
0	
0	
0	
0	
0	
0	
0	
0	
0	
0	
0	
0	
0	
0	
0	
0	
0	
0	
0	
0	
0	
0	
0	
0	
0	
0	
0	
0	
0	
0	
0	
0	
0	
0	
0	
0	
0	
0	
0	
0	
0	
0	
0	
0	
0	
0	
0	
0	
0	
0	
0	
0	
0	
0	
0	
0	
0	
0	
0	
0	
0	
0	
0	
0	
0	
0	
0	
0	
0	
0	
0	
0	
0	
0	
0	
0	
0	
0	
0	
0	
0	
0	
0	
0	
0	
0	
0	
0	
0	
0	
0	
0	
0	
0	
0	
0	
0	
0	
0	
0	
0	
0	
0	
0	
0	
0	
0	
0	
0	
0	
0	
0	
0	
0	
0	
0	
0	
0	
0	
0	
0	
0	
0	
0	
0	
0	
0	
0	
0	
0	
0	
0	
0	
0	
0	
0	
1	
0	
0	
0	
0	
0	
0	
0	
0	
0	
0	
0	
0	
0	
0	
0	
0	
0	
0	
0	
1	
0	
0	
0	
0	
1	
0	
1	
0	
0	
0	
0	
0	
0	
0	
0	
0	
0	
0	
0	
0	
0	
0	
0	
0	
0	
0	
0	
0	
0	
0	
0	
0	
0	
0	
0	
0	
0	
0	
0	
0	
0	
0	
0	
0	
1	
0	
0	
0	
0	
0	
0	
0	
0	
0	
0	
0	
0	
0	
0	
0	
0	
0	
1	
0	
0	
0	
0	
0	
0	
0	
0	
0	
0	
0	
0	
0	
0	
0	
0	
0	
0	
0	
0	
0	
0	
0	
0	
0	
0	
0	
0	
0	
0	
0	
0	
0	
0	
0	
0	
0	
0	
0	
0	
0	
0	
0	
0	
0	
0	
0	
0	
0	
0	
0	
0	
0	
0	
0	
1	
0	
0	
0	
0	
0	
0	
0	
0	
0	
0	
0	
0	
0	
0	
0	
0	
0	
0	
0	
0	
1	
0	
0	
0	
0	
0	
0	
0	
0	
0	
0	
0	
0	
0	
0	
0	
0	
0	
0	
0	
1	
0	
0	
0	
0	
0	
0	
0	
0	
0	
0	
0	
0	
0	
1	
0	
0	
0	
0	
0	
0	
0	
0	
0	
0	
0	
0	
0	
0	
0	
0	
0	
0	
0	
0	
0	
0	
0	
0	
0	
0	
0	
0	
0	
0	
0	
0	
0	
0	
0	
0	
0	
0	
0	
0	
0	
0	
0	
0	
0	
0	
0	
0	
0	
0	
0	
0	
0	
0	
0	
0	
0	
0	
0	
0	
0	
0	
0	
0	
0	
0	
0	
0	
0	
0	
0	
0	
0	
0	
0	
0	
0	
0	
1	
0	
0	
0	
0	
0	
1	
0	
0	
0	
0	
0	
0	
0	
0	
0	
0	
1	
0	
0	
1	
0	
0	
0	
0	
0	
0	
0	
0	
0	
0	
0	
0	
0	
0	
0	
0	
0	
0	
0	
0	
0	
0	
0	
0	
0	
0	
0	
0	
0	
0	
0	
0	
0	
0	
0	
0	
0	
0	
0	
0	
0	
0	
0	
0	
0	
0	
0	
0	
0	
0	
0	
0	
0	
0	
0	
0	
0	
0	
0	
0	
0	
0	
0	
0	
0	
0	
0	
0	
0	
0	
0	
0	
0	
0	
0	
0	
0	
0	
0	
0	
0	
0	
0	
0	
0	
0	
0	
0	
0	
0	
0	
0	
0	
0	
0	
0	
0	
0	
0	
0	
0	
0	
0	
0	
0	
0	
0	
0	
0	
0	
0	
0	
0	
0	
0	
0	
0	
0	
0	
0	
0	
0	
0	
0	
0	
0	
0	
1	
6	
11	
16	
16	
18	
13	
5	
0	
0	
0	
1	
0	
0	
0	
0	
0	
0	
0	
2	
1	
3	
1	
1	
1	
1	
0	
1	
1	
11	
92	
531	
1459	
3294	
5335	
7936	
10000	
9776	
8486	
7172	
6648	
6718	
6528	
6595	
6422	
6415	
6236	
6260	
6121	
6158	
6159	
6219	
5995	
6039	
5985	
5899	
6000	
6029	
5813	
5838	
5856	
5862	
5947	
5947	
6025	
5796	
5953	
5830	
5811	
5825	
5759	
5652	
5695	
5656	
5555	
5746	
5579	
5479	
5498	
5552	
5511	
5558	
5475	
5556	
5494	
5478	
5456	
5558	
5353	
5419	
5368	
5241	
5263	
5157	
5297	
5132	
5225	
5106	
5167	
5246	
5093	
5079	
5121	
5218	
5118	
5003	
5038	
5009	
5014	
4924	
4944	
4906	
4934	
4958	
4892	
4942	
4816	
4801	
4847	
4783	
4657	
4750	
4765	
4687	
4778	
4685	
4733	
4666	
4598	
4757	
4613	
4632	
4565	
4590	
4582	
4536	
4523	
4502	
4511	
4401	
4404	
4578	
4383	
4260	
4406	
4511	
4191	
4152	
4375	
4273	
4181	
4174	
4236	
4248	
4271	
4274	
4194	
4147	
4055	
4190	
4148	
4047	
4070	
4020	
3983	
3988	
4082	
4209	
3967	
3959	
3808	
4049	
3896	
4034	
3918	
3986	
3946	
3855	
3733	
3912	
3715	
3821	
3673	
3813	
3599	
3703	
3708	
3779	
3696	
3699	
3714	
3733	
3661	
3683	
3698	
3631	
3531	
3540	
3622	
3538	
3544	
3572	
3541	
3524	
3552	
3479	
3473	
3506	
3419	
3402	
3430	
3379	
3338	
3404	
3408	
3356	
3360	
3289	
3336	
3157	
3387	
3280	
3202	
3270	
3206	
3300	
3192	
3156	
3243	
3268	
3166	
3240	
3138	
3158	
3162	
3063	
3186	
3188	
3083	
3103	
3119	
3010	
2983	
3011	
3002	
3074	
3048	
2983	
2998	
2822	
2975	
2818	
2997	
2878	
2935	
2849	
2911	
2879	
2907	
2842	
2798	
2825	
2850	
2731	
2803	
2713	
2782	
2759	
2744	
2685	
2746	
2829	
2778	
2725	
2694	
2755	
2628	
2633	
2584	
2577	
2558	
2604	
2632	
2656	
2551	
2683	
2674	
2601	
2611	
2500	
2565	
2553	
2533	
2495	
2473	
2503	
2404	
2484	
2452	
2580	
2489	
2457	
2362	
2363	
2350	
2445	
2343	
2385	
2373	
2340	
2390	
2423	
2345	
2247	
2333	
2320	
2228	
2300	
2349	
2269	
2264	
2331	
2326	
2201	
2269	
2209	
2231	
2175	
2181	
2237	
2253	
2171	
2145	
2127	
2171	
2091	
2065	
2126	
2093	
2118	
2188	
2097	
2050	
2042	
2002	
2056	
2054	
2099	
2113	
2116	
2024	
2092	
1973	
1966	
2079	
1990	
1970	
1912	
2070	
1891	
2013	
2001	
1887	
1847	
1959	
1958	
1933	
1908	
1931	
1947	
1957	
1930	
1859	
1897	
1836	
1843	
1851	
1817	
1927	
1789	
1751	
1783	
1750	
1770	
1867	
1720	
1791	
1765	
1749	
1750	
1758	
1761	
1764	
1712	
1740	
1712	
1706	
1725	
1814	
1722	
1636	
1709	
1643	
1683	
1626	
1691	
1710	
1729	
1687	
1629	
1548	
1670	
1615	
1660	
1628	
1583	
1593	
1550	
1585	
1590	
1596	
1620	
1513	
1596	
1571	
1517	
1517	
1521	
1507	
1525	
1598	
1529	
1562	
1494	
1523	
1501	
1503	
1492	
1412	
1452	
1505	
1450	
1478	
1462	
1372	
1441	
1493	
1454	
1409	
1491	
1392	
1411	
1363	
1399	
1404	
1373	
1370	
1414	
1377	
1344	
1337	
1322	
1279	
1312	
1397	
1273	
1362	
1330	
1290	
1336	
1353	
1403	
1313	
1263	
1278	
1307	
1300	
1298	
1324	
1261	
1247	
1318	
1241	
1252	
1288	
1332	
1245	
1292	
1265	
1234	
1205	
1197	
1212	
1231	
1199	
1238	
1177	
1190	
1213	
1161	
1146	
1196	
1187	
1133	
1141	
1162	
1205	
1162	
1169	
1132	
1113	
1107	
1190	
1097	
1113	
1053	
1122	
1117	
1115	
1155	
1110	
1122	
1159	
1049	
1051	
1083	
1103	
1047	
1063	
1032	
1090	
1079	
1045	
1052	
1065	
1028	
990	
1009	
1012	
1055	
1024	
1005	
1011	
1002	
1022	
981	
977	
1039	
1054	
957	
969	
923	
998	
1063	
938	
1013	
942	
946	
1000	
957	
976	
917	
944	
903	
929	
951	
936	
987	
921	
965	
928	
908	
940	
887	
869	
882	
865	
839	
891	
885	
936	
878	
865	
889	
858	
896	
890	
829	
847	
834	
883	
834	
796	
858	
825	
852	
828	
790	
817	
902	
815	
855	
840	
785	
756	
779	
810	
781	
824	
791	
720	
791	
774	
772	
800	
766	
777	
734	
746	
781	
765	
783	
750	
736	
759	
757	
720	
774	
764	
718	
726	
749	
721	
776	
758	
754	
720	
737	
691	
675	
685	
749	
690	
706	
671	
681	
680	
676	
625	
659	
690	
655	
707	
667	
690	
682	
707	
654	
626	
675	
685	
665	
660	
663	
608	
648	
624	
637	
651	
631	
627	
596	
625	
625	
658	
565	
602	
588	
576	
617	
644	
613	
580	
648	
626	
632	
639	
535	
577	
595	
604	
583	
557	
549	
561	
603	
577	
550	
570	
546	
519	
572	
586	
543	
525	
574	
554	
550	
572	
532	
539	
507	
564	
530	
503	
573	
523	
500	
524	
571	
538	
535	
507	
525	
487	
570	
530	
528	
514	
499	
495	
537	
465	
423	
502	
490	
451	
497	
506	
511	
458	
494	
483	
458	
449	
464	
500	
494	
471	
495	
435	
485	
495	
472	
462	
472	
469	
462	
454	
437	
498	
461	
446	
484	
441	
459	
463	
456	
412	
429	
443	
440	
452	
420	
445	
428	
405	
459	
441	
461	
453	
380	
408	
410	
418	
425	
399	
392	
435	
403	
383	
403	
434	
383	
394	
402	
439	
410	
386	
420	
385	
394	
423	
397	
385	
416	
368	
345	
365	
382	
394	
356	
432	
419	
378	
359	
384	
373	
378	
384	
367	
370	
389	
411	
371	
348	
380	
392	
357	
350	
317	
338	
372	
329	
316	
345	
366	
355	
321	
319	
326	
350	
328	
320	
322	
329	
299	
351	
304	
314	
342	
371	
310	
320	
325	
303	
328	
340	
305	
338	
297	
302	
351	
295	
316	
295	
323	
318	
312	
304	
300	
322	
320	
283	
327	
312	
308	
290	
315	
275	
279	
290	
281	
298	
285	
313	
281	
289	
271	
283	
285	
303	
283	
287	
252	
279	
237	
300	
302	
267	
275	
297	
258	
276	
256	
260	
249	
287	
271	
274	
272	
271	
258	
269	
266	
279	
249	
247	
246	
255	
285	
270	
254	
242	
271	
274	
242	
261	
240	
224	
237	
238	
279	
237	
254	
262	
229	
260	
236	
270	
249	
234	
247	
231	
210	
225	
246	
229	
218	
243	
214	
218	
223	
239	
229	
217	
226	
235	
219	
253	
193	
247	
234	
208	
211	
235	
198	
211	
198	
202	
183	
199	
224	
201	
212	
209	
207	
209	
239	
212	
217	
205	
212	
192	
220	
198	
188	
194	
196	
190	
222	
191	
206	
200	
209	
191	
183	
178	
203	
183	
181	
193	
199	
216	
192	
171	
214	
176	
183	
161	
157	
192	
186	
176	
159	
171	
174	
153	
179	
163	
168	
176	
157	
178	
162	
165	
186	
160	
191	
173	
181	
148	
175	
176	
158	
181	
159	
160	
168	
166	
149	
145	
175	
162	
147	
154	
161	
162	
135	
178	
144	
154	
141	
133	
162	
174	
139	
173	
147	
138	
165	
155	
163	
136	
148	
165	
123	
168	
170	
133	
146	
136	
135	
136	
134	
134	
128	
132	
130	
153	
151	
151	
154	
144	
156	
146	
138	
136	
140	
134	
140	
129	
160	
133	
139	
120	
128	
135	
120	
144	
131	
99	
138	
144	
134	
115	
136	
127	
141	
124	
141	
125	
142	
125	
117	
125	
127	
140	
113	
115	
122	
114	
120	
109	
113	
113	
126	
95	
135	
112	
111	
111	
104	
103	
109	
122	
120	
107	
119	
131	
108	
105	
123	
112	
126	
129	
121	
115	
105	
108	
118	
114	
120	
93	
111	
122	
101	
101	
107	
103	
124	
120	
99	
98	
102	
107	
111	
104	
114	
108	
101	
121	
111	
110	
106	
105	
92	
102	
102	
101	
97	
95	
84	
104	
107	
99	
92	
101	
91	
91	
95	
106	
119	
90	
96	
90	
110	
89	
96	
84	
89	
88	
87	
98	
80	
105	
87	
99	
91	
96	
83	
98	
94	
89	
79	
84	
85	
82	
100	
74	
87	
83	
91	
86	
91	
79	
84	
86	
72	
75	
70	
75	
80	
76	
86	
96	
86	
82	
71	
83	
66	
71	
97	
83	
77	
71	
82	
83	
77	
86	
69	
87	
70	
82	
79	
89	
74	
96	
93	
82	
65	
66	
83	
78	
54	
74	
58	
66	
81	
72	
78	
70	
64	
77	
78	
64	
74	
84	
75	
69	
56	
61	
68	
58	
61	
81	
64	
84	
65	
78	
69	
75	
71	
64	
86	
57	
66	
74	
55	
65	
61	
66	
67	
61	
79	
52	
54	
52	
67	
65	
56	
65	
69	
47	
62	
54	
61	
49	
65	
50	
71	
52	
55	
66	
61	
72	
64	
64	
54	
67	
60	
54	
46	
58	
51	
44	
60	
59	
53	
61	
56	
63	
51	
59	
54	
59	
44	
55	
60	
63	
48	
68	
50	
47	
66	
57	
45	
49	
49	
64	
47	
61	
57	
59	
45	
48	
56	
39	
56	
44	
47	
40	
63	
46	
45	
38	
58	
52	
55	
42	
54	
38	
50	
47	
36	
45	
39	
32	
42	
49	
43	
37	
51	
44	
57	
44	
52	
51	
55	
44	
51	
51	
39	
46	
46	
34	
40	
33	
45	
37	
40	
39	
46	
43	
42	
45	
34	
43	
51	
46	
47	
45	
43	
40	
44	
42	
45	
41	
36	
49	
48	
32	
42	
35	
50	
27	
32	
33	
36	
31	
55	
38	
40	
26	
45	
39	
33	
37	
43	
34	
40	
28	
30	
42	
30	
34	
48	
34	
26	
43	
45	
42	
39	
33	
40	
28	
37	
25	
36	
32	
31	
35	
43	
42	
31	
44	
26	
32	
27	
40	
42	
37	
33	
26	
28	
18	
32	
28	
30	
27	
32	
20	
32	
44	
27	
33	
24	
20	
43	
42	
35	
22	
28	
27	
25	
33	
38	
26	
39	
22	
30	
36	
29	
22	
37	
27	
26	
28	
32	
34	
31	
34	
28	
28	
24	
32	
22	
24	
23	
27	
29	
32	
18	
31	
26	
30	
31	
34	
16	
17	
20	
38	
34	
31	
30	
29	
24	
18	
33	
24	
23	
26	
32	
24	
27	
29	
33	
32	
31	
29	
24	
20	
24	
31	
25	
27	
25	
30	
19	
27	
26	
17	
34	
19	
10	
27	
23	
19	
26	
28	
25	
26	
26	
24	
26	
27	
22	
28	
14	
24	
15	
9	
13	
18	
19	
35	
29	
17	
24	
24	
20	
20	
21	
19	
21	
13	
21	
24	
15	
29	
26	
22	
20	
14	
26	
19	
20	
17	
17	
23	
19	
16	
17	
15	
19	
25	
16	
11	
17	
20	
22	
19	
19	
15	
16	
17	
25	
19	
11	
20	
24	
12	
23	
18	
18	
16	
18	
13	
24	
19	
32	
14	
20	
16	
11	
15	
14	
19	
23	
12	
16	
20	
8	
11	
19	
21	
19	
14	
15	
17	
12	
21	
19	
25	
16	
11	
16	
13	
19	
12	
12	
11	
20	
12	
16	
19	
19	
12	
17	
12	
14	
19	
18	
12	
16	
16	
11	
13	
18	
13	
15	
14	
9	
15	
16	
19	
16	
15	
7	
16	
20	
21	
14	
18	
13	
18	
15	
14	
11	
8	
14	
15	
14	
11	
14	
9	
15	
11	
14	
16	
18	
20	
11	
14	
16	
16	
10	
11	
19	
10	
9	
4	
10	
14	
18	
13	
14	
17	
14	
7	
12	
18	
10	
12	
8	
9	
11	
14	
10	
12	
19	
8	
12	
10	
3	
11	
18	
15	
10	
13	
9	
13	
21	
11	
9	
9	
15	
12	
10	
6	
15	
12	
13	
9	
14	
17	
7	
16	
11	
9	
12	
12	
14	
9	
14	
15	
11	
15	
10	
14	
11	
16	
8	
9	
7	
14	
6	
16	
9	
8	
13	
9	
6	
9	
11	
6	
10	
9	
8	
12	
10	
10	
11	
6	
7	
11	
8	
10	
7	
7	
7	
10	
10	
4	
16	
6	
9	
10	
3	
16	
4	
5	
12	
8	
9	
12	
4	
6	
2	
8	
8	
10	
6	
8	
9	
6	
10	
10	
8	
11	
11	
8	
8	
5	
6	
13	
6	
9	
5	
11	
13	
11	
7	
10	
6	
13	
10	
4	
7	
2	
8	
4	
9	
5	
9	
5	
10	
4	
12	
15	
7	
3	
13	
11	
9	
6	
8	
3	
6	
6	
7	
9	
7	
9	
6	
5	
6	
7	
9	
6	
3	
10	
5	
6	
4	
7	
8	
8	
2	
6	
4	
8	
11	
10	
5	
3	
6	
5	
6	
9	
3	
7	
7	
6	
7	
5	
3	
7	
3	
9	
7	
11	
9	
5	
6	
7	
5	
11	
4	
6	
5	
3	
3	
6	
5	
10	
3	
7	
7	
5	
4	
2	
12	
6	
6	
2	
3	
5	
2	
5	
6	
4	
4	
3	
3	
5	
1	
4	
7	
5	
3	
4	
5	
4	
5	
3	
6	
5	
6	
4	
5	
9	
4	
2	
8	
7	
6	
5	
6	
8	
6	
7	
5	
2	
4	
5	
2	
4	
1	
4	
5	
6	
8	
7	
4	
5	
7	
3	
6	
7	
3	
6	
4	
4	
3	
5	
7	
8	
3	
7	
5	
4	
4	
5	
5	
8	
1	
3	
3	
2	
4	
4	
3	
2	
4	
11	
3	
3	
2	
6	
3	
4	
1	
6	
6	
8	
5	
3	
3	
0	
4	
4	
1	
4	
3	
7	
3	
3	
4	
5	
4	
6	
0	
3	
6	
0	
2	
4	
6	
8	
5	
3	
4	
3	
4	
3	
3	
5	
3	
6	
3	
2	
7	
4	
3	
4	
5	
4	
4	
3	
4	
9	
2	
2	
7	
2	
5	
4	
2	
4	
4	
4	
4	
3	
6	
6	
5	
2	
5	
1	
8	
4	
5	
3	
3	
4	
3	
5	
1	
2	
2	
2	
3	
1	
7	
3	
1	
3	
1	
2	
4	
3	
3	
3	
4	
1	
2	
4	
3	
5	
3	
1	
4	
4	
3	
2	
2	
3	
4	
0	
5	
0	
3	
2	
1	
5	
1	
1	
2	
2	
1	
2	
2	
1	
5	
4	
5	
0	
3	
5	
2	
4	
2	
1	
4	
1	
2	
2	
4	
0	
1	
1	
2	
3	
3	
2	
4	
1	
3	
0	
3	
3	
5	
1	
2	
0	
2	
4	
0	
5	
3	
1	
3	
4	
1	
3	
1	
2	
4	
1	
1	
0	
0	
3	
2	
1	
2	
3	
2	
6	
1	
4	
1	
4	
2	
5	
3	
3	
1	
4	
3	
3	
3	
1	
4	
5	
3	
3	
2	
1	
1	
1	
3	
0	
1	
1	
1	
3	
1	
1	
1	
0	
1	
1	
1	
1	
1	
3	
1	
1	
0	
0	
4	
1	
2	
3	
2	
3	
3	
1	
3	
1	
3	
1	
1	
1	
2	
2	
3	
0	
0	
1	
2	
1	
4	
1	
2	
2	
1	
2	
1	
3	
2	
2	
2	
2	
2	
2	
0	
2	
1	
1	
2	
2	
1	
2	
1	
3	
1	
2	
1	
2	
2	
0	
3	
3	
2	
1	
2	
1	
1	
0	
2	
3	
3	
3	
0	
0	
0	
1	
2	
3	
2	
0	
2	
2	
1	
2	
3	
1	
2	
4	
2	
0	
1	
5	
0	
2	
2	
3	
1	
2	
1	
1	
1	
0	
0	
0	
2	
0	
2	
0	
1	
2	
1	
1	
4	
2	
0	
2	
3	
1	
1	
3	
2	
1	
2	
2	
0	
1	
1	
2	
2	
2	
1	
1	
0	
3	
0	
1	
0	
1	
1	
1	
2	
0	
2	
0	
3	
1	
2	
2	
2	
1	
1	
1	
1	
1	
0	
1	
1	
0	
0	
1	
1	
2	
2	
2	
1	
1	
0	
0	
3	
0	
1	
2	
1	
1	
0	
1	
1	
3	
0	
0	
3	
2	
0	
0	
0	
1	
2	
1	
4	
2	
0	
0	
1	
0	
0	
1	
0	
0	
0	
0	
0	
0	
0	
0	
0	
1	
1	
1	
1	
0	
1	
3	
1	
1	
0	
1	
3	
1	
1	
0	
2	
0	
0	
0	
1	
1	
0	
1	
0	
1	
0	
2	
1	
0	
1	
1	
1	
1	
1	
2	
0	
1	
5	
1	
2	
0	
1	
2	
2	
0	
0	
1	
1	
0	
3	
0	
0	
0	
0	
0	
1	
0	
0	
1	
0	
1	
2	
0	
0	
1	
0	
1	
1	
0	
0	
5	
2	
0	
0	
2	
2	
0	
1	
1	
0	
1	
0	
0	
1	
2	
1	
0	
0	
1	
0	
1	
1	
0	
0	
0	
4	
0	
1	
2	
0	
1	
0	
2	
1	
2	
1	
0	
2	
1	
0	
3	
2	
0	
0	
2	
1	
1	
2	
0	
1	
0	
1	
0	
1	
0	
2	
1	
0	
0	
1	
0	
1	
1	
0	
0	
0	
0	
1	
1	
0	
1	
0	
0	
0	
0	
0	
1	
0	
1	
2	
0	
1	
1	
0	
1	
0	
1	
0	
1	
0	
0	
0	
0	
0	
2	
0	
0	
0	
1	
0	
0	
0	
0	
1	
0	
1	
1	
1	
2	
0	
1	
1	
2	
0	
0	
0	
0	
1	
2	
0	
2	
0	
2	
1	
0	
0	
0	
2	
0	
0	
0	
0	
0	
1	
2	
1	
0	
0	
0	
1	
0	
0	
1	
0	
0	
0	
0	
2	
1	
0	
0	
1	
1	
0	
1	
1	
1	
1	
0	
0	
2	
1	
0	
2	
1	
0	
0	
0	
0	
0	
1	
0	
1	
0	
1	
0	
0	
1	
0	
0	
0	
1	
0	
0	
0	
0	
0	
0	
0	
0	
1	
0	
0	
0	
1	
1	
1	
1	
0	
0	
0	
0	
1	
0	
1	
0	
0	
0	
0	
2	
0	
1	
0	
2	
0	
0	
0	
0	
0	
0	
0	
0	
0	
1	
0	
0	
2	
1	
0	
0	
1	
2	
0	
0	
0	
1	
1	
1	
1	
0	
1	
1	
0	
0	
0	
0	
0	
0	
1	
0	
0	
0	
0	
0	
0	
1	
0	
0	
0	
1	
0	
1	
1	
1	
0	
1	
1	
0	
3	
0	
1	
0	
0	
1	
1	
1	
3	
0	
1	
2	
0	
1	
1	
1	
2	
2	
2	
1	
0	
0	
2	
0	
1	
0	
1	
3	
0	
0	
1	
1	
2	
0	
3	
3	
3	
1	
1	
2	
0	
3	
0	
0	
2	
5	
2	
0	
1	
2	
1	
1	
3	
1	
2	
1	
0	
1	
2	
2	
1	
1	
1	
0	
3	
2	
2	
3	
2	
0	
2	
2	
1	
0	
2	
2	
2	
3	
0	
2	
4	
1	
1	
4	
2	
2	
2	
0	
1	
3	
1	
1	
3	
2	
2	
3	
4	
0	
2	
4	
6	
1	
2	
3	
1	
0	
0	
0	
4	
2	
6	
2	
1	
1	
4	
1	
4	
7	
4	
1	
6	
1	
1	
2	
1	
2	
1	
1	
1	
1	
4	
3	
1	
1	
4	
1	
0	
0	
2	
2	
2	
1	
6	
1	
3	
1	
1	
2	
1	
3	
1	
2	
1	
4	
2	
3	
0	
2	
1	
4	
1	
2	
3	
2	
3	
1	
6	
2	
2	
1	
2	
9	
2	
6	
1	
0	
2	
1	
2	
3	
3	
0	
1	
1	
7	
0	
2	
2	
3	
2	
2	
1	
1	
4	
2	
0	
1	
3	
5	
1	
1	
2	
3	
3	
6	
2	
2	
2	
1	
2	
2	
2	
2	
0	
4	
0	
0	
2	
2	
3	
0	
3	
1	
2	
1	
0	
0	
3	
0	
2	
0	
2	
2	
2	
2	
1	
3	
2	
1	
1	
2	
1	
2	
0	
0	
4	
0	
2	
4	
1	
1	
2	
1	
1	
1	
2	
1	
1	
1	
2	
4	
3	
0	
0	
0	
3	
0	
0	
2	
1	
2	
1	
1	
3	
1	
1	
2	
3	
2	
2	
1	
0	
0	
0	
0	
1	
3	
0	
0	
0	
4	
1	
3	
4	
1	
2	
0	
2	
1	
1	
3	
1	
0	
3	
1	
0	
1	
0	
3	
2	
0	
1	
2	
1	
2	
1	
2	
0	
0	
0	
2	
3	
0	
0	
0	
0	
1	
0	
1	
3	
1	
1	
0	
1	
2	
1	
2	
0	
0	
0	
1	
1	
0	
1	
1	
0	
2	
0	
1	
1	
1	
1	
1	
1	
0	
1	
2	
1	
3	
2	
0	
0	
0	
0	
0	
0	
0	
1	
1	
2	
1	
0	
2	
0	
1	
1	
1	
1	
0	
1	
2	
0	
1	
1	
2	
0	
1	
1	
2	
0	
0	
0	
0	
0	
1	
2	
0	
0	
0	
2	
1	
0	
1	
1	
1	
1	
0	
1	
1	
0	
2	
1	
0	
0	
1	
1	
0	
0	
2	
0	
1	
0	
1	
0	
1	
0	
1	
0	
1	
0	
0	
1	
2	
0	
0	
1	
1	
0	
1	
1	
0	
0	
1	
1	
2	
1	
1	
0	
0	
0	
0	
1	
0	
2	
1	
0	
1	
1	
0	
0	
0	
1	
0	
0	
2	
0	
0	
1	
0	
1	
0	
0	
1	
1	
0	
2	
1	
3	
0	
1	
1	
1	
2	
2	
0	
1	
1	
0	
1	
0	
0	
0	
0	
1	
1	
1	
0	
0	
0	
1	
1	
0	
0	
1	
1	
1	
0	
1	
2	
0	
0	
0	
0	
0	
1	
0	
1	
1	
0	
0	
0	
0	
1	
0	
2	
1	
0	
0	
0	
0	
1	
0	
0	
0	
0	
0	
0	
0	
0	
2	
0	
0	
0	
1	
0	
0	
1	
2	
2	
0	
1	
1	
0	
1	
2	
0	
1	
0	
1	
0	
0	
0	
1	
0	
0	
2	
0	
1	
1	
0	
0	
0	
1	
1	
1	
0	
0	
0	
2	
0	
1	
0	
1	
0	
2	
0	
1	
2	
0	
0	
0	
0	
0	
1	
0	
0	
0	
0	
0	
0	
0	
0	
0	
0	
1	
1	
0	
1	
0	
0	
1	
1	
0	
0	
0	
0	
0	
0	
0	
1	
0	
0	
1	
0	
1	
0	
2	
0	
0	
0	
1	
0	
0	
1	
0	
1	
1	
0	
0	
0	
1	
0	
1	
0	
1	
1	
1	
0	
0	
1	
0	
0	
0	
1	
1	
0	
0	
1	
2	
0	
0	
0	
0	
1	
0	
1	
0	
0	
0	
2	
0	
1	
0	
0	
1	
0	
0	
0	
1	
1	
0	
0	
0	
0	
0	
1	
0	
0	
1	
0	
0	
0	
0	
0	
0	
0	
0	
0	
0	
0	
0	
0	
0	
0	
0	
0	
0	
2	
0	
0	
0	
0	
1	
0	
0	
2	
1	
1	
0	
0	
0	
0	
0	
0	
1	
0	
0	
0	
0	
1	
0	
1	
0	
1	
0	
2	
0	
0	
0	
0	
0	
0	
0	
0	
0	
0	
0	
0	
0	
0	
0	
2	
0	
1	
1	
1	
0	
0	
0	
0	
0	
0	
1	
0	
0	
1	
0	
2	
0	
0	
0	
1	
0	
0	
0	
1	
0	
1	
0	
0	
0	
0	
0	
0	
0	
0	
0	
0	
1	
0	
0	
0	
0	
0	
0	
0	
0	
1	
0	
0	
0	
0	
0	
1	
0	
0	
0	
0	
0	
0	
0	
0	
2	
1	
0	
0	
1	
0	
0	
0	
1	
1	
0	
0	
1	
0	
0	
0	
0	
0	
0	
0	
0	
0	
0	
0	
1	
0	
0	
0	
0	
0	
1	
0	
0	
0	
0	
0	
1	
0	
0	
0	
0	
0	
0	
0	
0	
0	
1	
1	
0	
0	
0	
1	
0	
0	
0	
0	
0	
1	
0	
0	
0	
0	
0	
0	
0	
1	
0	
1	
0	
0	
0	
0	
1	
0	
1	
0	
0	
0	
0	
0	
0	
0	
0	
0	
0	
2	
0	
0	
0	
1	
1	
0	
0	
1	
0	
0	
0	
0	
0	
0	
0	
0	
0	
0	
0	
0	
0	
1	
0	
0	
0	
0	
0	
0	
1	
0	
0	
1	
0	
0	
0	
0	
0	
0	
0	
0	
0	
0	
1	
1	
0	
0	
0	
0	
1	
0	
0	
0	
0	
0	
0	
0	
0	
0	
0	
0	
0	
0	
1	
0	
0	
0	
0	
0	
0	
0	
0	
0	
0	
0	
0	
0	
0	
0	
0	
0	
0	
0	
0	
0	
0	
0	
0	
0	
0	
0	
0	
1	
0	
0	
1	
0	
0	
0	
0	
0	
0	
0	
0	
1	
1	
0	
0	
1	
0	
0	
0	
0	
0	
0	
0	
0	
0	
0	
0	
0	
0	
0	
0	
0	
0	
0	
0	
0	
0	
0	
0	
0	
0	
0	
0	
0	
0	
0	
0	
0	
0	
0	
0	
0	
0	
0	
0	
0	
0	
0	
0	
0	
0	
0	
0	
0	
0	
1	
0	
1	
0	
0	
0	
0	
0	
0	
0	
0	
0	
0	
0	
0	
1	
0	
0	
0	
0	
0	
0	
0	
0	
0	
0	
0	
0	
0	
0	
0	
0	
0	
0	
0	
0	
0	
0	
0	
0	
0	
0	
0	
1	
0	
0	
0	
0	
0	
0	
0	
0	
0	
1	
1	
0	
0	
0	
0	
0	
0	
0	
0	
0	
0	
0	
0	
0	
0	
0	
0	
0	
0	
0	
0	
0	
0	
0	
0	
0	
0	
0	
0	
0	
0	
0	
0	
0	
0	
0	
0	
0	
0	
1	
0	
0	
0	
0	
0	
0	
0	
0	
0	
0	
0	
0	
0	
0	
0	
0	
0	
0	
0	
1	
1	
0	
0	
0	
0	
0	
0	
0	
0	
0	
0	
0	
0	
0	
0	
0	
1	
0	
0	
0	
0	
0	
0	
0	
0	
0	
0	
0	
0	
0	
0	
0	
0	
0	
0	
0	
0	
0	
0	
0	
0	
1	
0	
0	
0	
0	
0	
0	
0	
0	
0	
0	
1	
0	
0	
0	
0	
1	
1	
0	
0	
0	
0	
0	
1	
0	
0	
0	
1	
0	
0	
0	
0	
0	
0	
0	
0	
0	
1	
0	
0	
0	
0	
0	
0	
0	
0	
0	
0	
0	
0	
1	
0	
0	
0	
0	
1	
0	
0	
0	
0	
0	
0	
0	
0	
0	
0	
0	
0	
0	
0	
0	
0	
0	
0	
0	
0	
0	
0	
0	
0	
0	
0	
0	
0	
0	
0	
0	
0	
0	
0	
0	
0	
0	
0	
0	
0	
0	
0	
0	
0	
0	
0	
0	
0	
0	
0	
0	
0	
0	
0	
0	
0	
1	
1	
0	
0	
0	
0	
0	
0	
0	
0	
0	
0	
1	
0	
0	
0	
0	
0	
0	
0	
0	
0	
0	
0	
0	
0	
0	
0	
0	
0	
0	
0	
0	
0	
0	
0	
0	
0	
0	
0	
0	
0	
0	
0	
0	
0	
0	
0	
0	
0	
0	
0	
0	
0	
0	
0	
1	
0	
0	
0	
0	
0	
0	
0	
0	
0	
0	
0	
0	
0	
0	
0	
0	
0	
0	
0	
0	
0	
1	
0	
0	
0	
0	
0	
0	
0	
0	
0	
0	
0	
0	
0	
0	
0	
0	
0	
0	
0	
0	
0	
0	
0	
0	
0	
0	
0	
0	
0	
0	
0	
0	
0	
0	
0	
0	
0	
0	
0	
0	
0	
0	
0	
0	
0	
0	
0	
0	
0	
0	
0	
0	
0	
0	
0	
0	
0	
1	
0	
0	
1	
0	
0	
0	
0	
0	
0	
0	
1	
0	
0	
0	
0	
0	
0	
0	
0	
0	
0	
0	
0	
0	
0	
0	
0	
0	
0	
0	
0	
0	
0	
0	
0	
0	
0	
0	
0	
0	
0	
0	
0	
0	
0	
0	
0	
0	
0	
0	
0	
0	
0	
0	
0	
0	
0	
1	
0	
0	
0	
0	
0	
0	
0	
0	
0	
0	
0	
0	
0	
0	
0	
0	
0	
0	
0	
0	
0	
0	
0	
0	
0	
0	
0	
0	
0	
0	
1	
0	
0	
0	
0	
0	
0	
0	
0	
1	
0	
0	
0	
0	
0	
0	
0	
0	
0	
0	
0	
0	
0	
0	
0	
0	
0	
0	
0	
0	
0	
0	
0	
0	
0	
0	
0	
1	
0	
0	
1	
0	
0	
0	
0	
0	
0	
0	
0	
0	
0	
0	
0	
0	
0	
0	
0	
0	
0	
0	
0	
0	
0	
0	
0	
0	
0	
0	
1	
0	
0	
0	
0	
0	
0	
0	
0	
0	
0	
0	
0	
0	
0	
0	
0	
0	
0	
0	
0	
0	
0	
0	
1	
0	
0	
0	
0	
0	
0	
0	
0	
0	
1	
0	
0	
0	
0	
0	
0	
0	
0	
0	
0	
0	
0	
0	
1	
0	
0	
0	
0	
0	
0	
0	
0	
0	
0	
0	
0	
0	
0	
0	
0	
0	
0	
1	
0	
0	
0	
0	
0	
0	
0	
0	
0	
0	
1	
0	
1	
0	
0	
0	
0	
0	
0	
0	
0	
0	
0	
0	
0	
0	
0	
0	
0	
0	
0	
0	
0	
0	
0	
0	
0	
0	
0	
1	
0	
0	
0	
0	
0	
0	
0	
0	
0	
0	
0	
0	
0	
0	
0	
0	
0	
0	
0	
0	
0	
0	
0	
0	
0	
0	
0	
0	
0	
0	
0	
0	
0	
0	
0	
0	
0	
0	
0	
0	
0	
0	
0	
0	
0	
0	
0	
0	
0	
0	
1	
0	
0	
0	
0	
0	
1	
1	
0	
0	
0	
0	
0	
0	
0	
0	
0	
0	
0	
0	
0	
0	
0	
0	
0	
0	
0	
0	
0	
0	
0	
0	
0	
0	
0	
0	
0	
0	
1	
0	
0	
0	
0	
0	
1	
0	
0	
0	
0	
0	
0	
0	
0	
0	
0	
0	
0	
0	
0	
0	
0	
0	
0	
0	
0	
0	
0	
0	
0	
0	
0	
0	
0	
0	
0	
0	
0	
0	
1	
0	
0	
0	
0	
0	
0	
0	
0	
0	
0	
0	
0	
0	
0	
0	
0	
0	
0	
0	
0	
0	
0	
0	
0	
0	
0	
0	
0	
0	
0	
0	
0	
0	
0	
0	
0	
0	
0	
0	
0	
0	
0	
0	
1	
0	
0	
0	
0	
0	
0	
0	
0	
0	
0	
0	
0	
0	
0	
0	
1	
1	
0	
0	
0	
0	
0	
0	
0	
0	
0	
0	
0	
0	
0	
0	
0	
0	
0	
0	
0	
2	
0	
0	
0	
0	
0	
0	
0	
0	
0	
0	
0	
0	
0	
0	
0	
0	
0	
0	
0	
0	
0	
0	
0	
0	
0	
0	
0	
0	
0	
0	
0	
0	
0	
0	
1	
1	
0	
0	
0	
0	
0	
0	
0	
0	
0	
0	
1	
0	
0	
0	
0	
0	
0	
0	
0	
0	
0	
0	
0	
0	
0	
0	
0	
0	
0	
0	
0	
0	
0	
0	
0	
0	
0	
0	
0	
0	
0	
0	
0	
0	
0	
0	
0	
0	
0	
0	
0	
1	
0	
0	
0	
0	
0	
0	
0	
0	
0	
0	
0	
0	
0	
0	
0	
0	
0	
0	
0	
0	
0	
0	
0	
1	
0	
1	
0	
0	
0	
0	
0	
0	
0	
0	
0	
0	
0	
0	
0	
0	
0	
0	
1	
0	
0	
0	
0	
0	
0	
0	
0	
0	
0	
0	
1	
0	
0	
0	
0	
1	
0	
0	
0	
0	
0	
0	
0	
0	
0	
1	
0	
0	
0	
0	
0	
0	
1	
0	
0	
1	
0	
0	
0	
0	
0	
0	
0	
1	
0	
0	
1	
0	
0	
0	
0	
0	
0	
0	
0	
0	
0	
0	
0	
1	
0	
0	
0	
0	
0	
0	
0	
0	
0	
0	
0	
0	
1	
0	
1	
0	
0	
0	
0	
1	
0	
0	
0	
0	
0	
0	
0	
0	
0	
0	
0	
0	
0	
0	
0	
0	
0	
0	
0	
0	
0	
0	
0	
0	
0	
0	
0	
0	
0	
0	
0	
0	
0	
0	
0	
0	
1	
0	
0	
0	
0	
0	
0	
0	
0	
0	
0	
0	
0	
0	
0	
0	
0	
0	
0	
0	
0	
0	
0	
0	
0	
0	
0	
0	
0	
0	
0	
0	
0	
0	
0	
0	
0	
0	
0	
0	
0	
0	
2	
0	
0	
0	
0	
0	
0	
0	
0	
0	
0	
0	
0	
0	
0	
0	
0	
0	
1	
0	
0	
0	
0	
1	
0	
0	
1	
0	
0	
0	
0	
0	
0	
0	
0	
0	
1	
0	
0	
0	
0	
0	
0	
0	
0	
0	
0	
0	
0	
0	
0	
1	
1	
0	
0	
1	
0	
0	
1	
0	
0	
0	
0	
0	
0	
0	
0	
0	
0	
0	
0	
0	
0	
0	
0	
0	
0	
0	
0	
0	
1	
0	
0	
0	
1	
0	
0	
0	
0	
0	
0	
0	
0	
0	
0	
0	
0	
0	
0	
0	
0	
0	
0	
0	
0	
0	
0	
0	
0	
0	
0	
0	
0	
0	
0	
0	
0	
0	
0	
0	
0	
0	
0	
0	
0	
1	
0	
0	
0	
0	
0	
1	
0	
0	
0	
1	
0	
0	
0	
0	
0	
0	
0	
0	
0	
1	
0	
1	
0	
0	
0	
0	
0	
0	
0	
1	
0	
0	
0	
0	
1	
0	
1	
0	
0	
0	
0	
0	
0	
0	
0	
0	
0	
0	
0	
0	
0	
0	
0	
1	
0	
0	
0	
0	
0	
0	
1	
0	
0	
0	
1	
0	
0	
0	
0	
0	
1	
0	
0	
0	
0	
0	
0	
0	
0	
0	
1	
0	
0	
0	
0	
0	
1	
0	
0	
0	
0	
0	
0	
0	
0	
0	
0	
0	
0	
0	
0	
0	
0	
1	
0	
1	
0	
0	
0	
1	
0	
1	
0	
0	
0	
0	
0	
1	
0	
0	
0	
0	
2	
0	
0	
0	
0	
0	
0	
2	
0	
0	
0	
0	
0	
0	
0	
0	
0	
0	
0	
0	
0	
0	
0	
0	
0	
0	
0	
0	
0	
0	
0	
0	
0	
1	
0	
1	
0	
0	
0	
0	
0	
0	
0	
1	
0	
0	
0	
1	
0	
0	
0	
1	
0	
0	
1	
0	
0	
0	
0	
0	
0	
0	
0	
0	
1	
0	
0	
0	
1	
0	
1	
0	
2	
0	
0	
0	
0	
0	
0	
0	
0	
1	
0	
0	
0	
1	
0	
0	
0	
0	
0	
0	
0	
0	
0	
0	
0	
0	
0	
0	
0	
0	
1	
0	
0	
0	
0	
0	
0	
0	
0	
0	
1	
1	
0	
0	
0	
0	
0	
0	
0	
0	
0	
0	
0	
1	
0	
0	
0	
0	
1	
0	
0	
0	
0	
0	
0	
1	
0	
0	
0	
0	
0	
0	
0	
2	
0	
0	
1	
1	
0	
0	
0	
0	
0	
0	
0	
1	
0	
1	
0	
0	
0	
0	
0	
1	
