#PicoHarp 300  Histogram Data			18/12/2022 06:41:22 PM
#channels per curve
6250
#display curve no.
0	
#memory block no.
0	
#ns/channel
0.0160	
#counts
0	
0	
0	
0	
0	
0	
0	
0	
0	
0	
0	
0	
1	
0	
0	
0	
0	
0	
0	
0	
0	
0	
0	
0	
0	
0	
0	
0	
0	
0	
0	
0	
0	
1	
0	
0	
0	
0	
0	
0	
0	
0	
0	
0	
0	
0	
0	
0	
0	
0	
0	
0	
0	
0	
0	
0	
0	
0	
0	
0	
0	
0	
0	
0	
0	
0	
0	
0	
0	
0	
0	
0	
0	
0	
0	
0	
0	
0	
0	
0	
0	
0	
0	
0	
0	
0	
0	
0	
0	
0	
0	
0	
0	
0	
0	
0	
0	
0	
0	
0	
0	
0	
0	
0	
1	
0	
0	
0	
0	
0	
0	
1	
0	
0	
0	
0	
0	
1	
0	
0	
0	
1	
0	
0	
0	
0	
0	
0	
0	
0	
0	
0	
0	
0	
0	
0	
0	
0	
0	
0	
0	
0	
0	
0	
0	
0	
1	
0	
0	
0	
1	
0	
0	
0	
0	
0	
0	
0	
0	
0	
0	
0	
0	
0	
0	
0	
0	
0	
0	
0	
0	
0	
0	
0	
0	
0	
0	
1	
0	
0	
0	
0	
0	
0	
0	
0	
0	
0	
0	
0	
0	
0	
0	
0	
0	
0	
0	
0	
0	
0	
0	
0	
0	
0	
0	
0	
0	
0	
1	
0	
0	
0	
0	
0	
0	
0	
0	
0	
0	
0	
0	
0	
0	
0	
0	
0	
0	
1	
0	
0	
0	
0	
0	
0	
0	
0	
0	
0	
0	
0	
0	
0	
0	
0	
0	
0	
0	
0	
0	
0	
0	
0	
0	
0	
0	
0	
0	
1	
0	
0	
0	
0	
0	
0	
0	
0	
0	
0	
0	
1	
0	
0	
0	
0	
0	
0	
0	
0	
0	
0	
0	
0	
0	
0	
0	
0	
0	
0	
0	
0	
0	
0	
0	
0	
0	
0	
0	
0	
0	
0	
0	
0	
0	
0	
0	
0	
0	
0	
0	
0	
0	
1	
0	
0	
0	
0	
0	
0	
0	
0	
0	
0	
0	
0	
0	
0	
0	
0	
0	
0	
0	
0	
0	
0	
0	
0	
0	
0	
0	
0	
0	
0	
0	
0	
0	
1	
0	
0	
0	
0	
0	
0	
0	
0	
0	
0	
0	
0	
0	
0	
0	
0	
0	
0	
0	
0	
0	
1	
0	
0	
0	
0	
0	
0	
0	
0	
0	
0	
0	
0	
0	
0	
0	
0	
0	
0	
0	
0	
0	
0	
0	
0	
1	
0	
0	
0	
1	
0	
0	
0	
0	
0	
0	
0	
0	
1	
0	
0	
0	
0	
0	
0	
0	
0	
0	
0	
0	
0	
0	
0	
0	
0	
0	
0	
0	
0	
0	
0	
0	
0	
0	
0	
0	
0	
0	
0	
0	
0	
0	
0	
0	
0	
0	
1	
0	
0	
0	
0	
0	
0	
0	
0	
0	
0	
0	
1	
0	
0	
0	
0	
0	
0	
0	
0	
0	
0	
0	
0	
0	
0	
0	
0	
0	
0	
0	
0	
0	
0	
0	
0	
0	
0	
0	
0	
0	
0	
0	
0	
0	
0	
0	
0	
0	
0	
0	
0	
0	
0	
0	
0	
0	
0	
0	
0	
0	
0	
0	
0	
0	
0	
0	
0	
0	
0	
0	
0	
0	
0	
0	
0	
0	
0	
0	
0	
0	
0	
0	
0	
0	
0	
0	
0	
0	
0	
0	
0	
0	
0	
0	
0	
0	
0	
0	
0	
0	
0	
0	
0	
0	
0	
0	
0	
0	
0	
0	
1	
0	
0	
0	
0	
0	
0	
0	
0	
0	
0	
0	
0	
0	
1	
0	
0	
0	
0	
0	
0	
0	
0	
0	
0	
0	
0	
0	
0	
0	
0	
0	
0	
0	
0	
0	
0	
0	
0	
0	
0	
0	
0	
0	
0	
0	
0	
1	
0	
0	
0	
0	
1	
0	
0	
0	
0	
0	
0	
0	
0	
0	
0	
0	
0	
0	
0	
0	
0	
0	
0	
1	
0	
0	
0	
0	
0	
0	
0	
0	
0	
0	
0	
0	
0	
0	
0	
0	
0	
0	
0	
0	
0	
0	
0	
0	
0	
0	
0	
0	
0	
0	
0	
0	
0	
0	
0	
0	
0	
0	
0	
0	
0	
0	
0	
0	
0	
0	
0	
0	
0	
0	
0	
1	
0	
0	
0	
0	
0	
0	
0	
0	
0	
0	
0	
0	
0	
0	
0	
0	
0	
0	
0	
0	
0	
0	
0	
0	
0	
0	
0	
0	
0	
0	
0	
0	
0	
0	
0	
0	
0	
0	
0	
0	
0	
0	
0	
0	
1	
0	
0	
0	
0	
0	
0	
0	
0	
0	
0	
0	
0	
0	
0	
0	
0	
0	
0	
0	
0	
0	
0	
0	
0	
0	
0	
0	
0	
0	
0	
0	
0	
0	
0	
0	
0	
0	
0	
0	
0	
0	
0	
0	
0	
0	
0	
0	
0	
0	
0	
0	
0	
0	
0	
0	
0	
0	
0	
0	
0	
0	
0	
0	
0	
0	
0	
0	
0	
0	
0	
0	
0	
0	
0	
0	
0	
0	
0	
0	
0	
0	
0	
0	
0	
0	
0	
0	
0	
0	
0	
0	
0	
0	
0	
0	
0	
0	
0	
0	
0	
0	
0	
0	
0	
0	
0	
0	
0	
0	
0	
0	
4	
32	
133	
482	
1279	
2381	
3985	
6021	
7677	
8990	
9453	
9854	
9689	
9947	
9921	
9934	
9838	
9813	
9873	
9964	
9740	
9892	
10000	
9996	
9789	
9917	
9850	
9936	
9755	
9757	
9731	
9845	
9773	
9804	
9969	
9813	
9923	
9754	
9845	
9657	
9718	
9509	
9620	
9545	
9397	
9499	
9503	
9546	
9354	
9220	
9233	
9360	
9285	
9188	
9054	
9406	
9083	
9248	
9056	
8973	
8808	
8894	
8811	
8666	
8772	
8684	
8682	
8753	
8667	
8574	
8542	
8513	
8532	
8543	
8562	
8480	
8278	
8259	
8325	
8202	
8292	
8318	
8080	
8086	
8026	
7870	
8127	
7945	
7911	
7816	
7913	
7680	
7760	
7748	
7885	
7564	
7569	
7772	
7577	
7582	
7503	
7396	
7377	
7409	
7316	
7128	
7275	
7308	
7424	
7166	
7300	
7113	
7177	
7094	
7160	
7029	
7023	
6835	
7006	
6858	
6951	
6691	
6695	
6771	
6827	
6609	
6776	
6685	
6525	
6620	
6693	
6485	
6511	
6551	
6490	
6541	
6436	
6394	
6292	
6287	
6445	
6216	
6490	
6254	
6264	
6206	
6152	
6084	
6183	
6099	
6155	
5989	
6041	
5951	
5949	
5955	
5901	
5887	
5845	
5847	
5859	
5809	
5634	
5629	
5656	
5555	
5632	
5651	
5685	
5578	
5555	
5621	
5524	
5401	
5410	
5560	
5412	
5321	
5282	
5349	
5299	
5278	
5310	
5229	
5310	
5239	
5255	
5124	
5104	
5050	
5140	
4923	
5008	
5088	
4743	
4806	
4803	
4902	
4955	
4908	
4817	
4922	
4845	
4870	
4801	
4849	
4669	
4639	
4695	
4724	
4596	
4675	
4636	
4504	
4567	
4555	
4463	
4504	
4464	
4447	
4428	
4485	
4442	
4320	
4360	
4331	
4232	
4292	
4375	
4215	
4409	
4354	
4262	
4184	
4158	
4239	
4268	
4128	
3960	
4099	
4138	
4040	
4138	
4081	
4027	
4005	
4005	
3837	
3895	
3961	
3892	
3903	
3963	
3787	
3844	
3851	
3781	
3777	
3737	
3738	
3948	
3733	
3736	
3681	
3680	
3621	
3548	
3655	
3618	
3602	
3579	
3480	
3590	
3557	
3462	
3454	
3453	
3366	
3528	
3457	
3390	
3512	
3463	
3389	
3457	
3343	
3371	
3337	
3349	
3221	
3314	
3178	
3183	
3306	
3217	
3214	
3339	
3188	
3033	
3211	
3149	
3135	
3063	
3138	
3180	
3092	
2999	
3013	
2993	
3053	
3061	
2961	
3065	
2946	
2769	
2870	
2899	
2994	
2897	
2911	
2860	
2867	
2767	
2962	
2875	
2867	
2850	
2775	
2825	
2718	
2694	
2734	
2763	
2708	
2665	
2628	
2753	
2605	
2659	
2638	
2474	
2690	
2571	
2568	
2546	
2519	
2634	
2523	
2565	
2481	
2526	
2542	
2571	
2404	
2492	
2446	
2508	
2476	
2433	
2492	
2333	
2387	
2444	
2311	
2372	
2339	
2389	
2446	
2411	
2253	
2308	
2207	
2351	
2286	
2147	
2203	
2254	
2225	
2274	
2138	
2207	
2244	
2292	
2049	
2121	
2146	
2140	
2155	
2137	
2171	
2205	
2134	
2102	
2106	
2020	
2046	
2061	
2083	
2034	
2016	
2065	
2054	
1978	
2016	
1946	
1927	
2045	
2000	
1907	
1966	
1922	
2005	
2000	
1961	
1850	
1957	
1826	
1886	
1907	
1903	
1868	
1822	
1908	
1871	
1853	
1762	
1822	
1843	
1815	
1730	
1810	
1749	
1810	
1796	
1655	
1698	
1770	
1731	
1802	
1645	
1658	
1699	
1708	
1677	
1715	
1672	
1638	
1685	
1658	
1632	
1643	
1610	
1589	
1606	
1681	
1622	
1584	
1650	
1643	
1585	
1557	
1540	
1527	
1531	
1582	
1520	
1560	
1524	
1522	
1524	
1458	
1480	
1445	
1507	
1473	
1505	
1410	
1416	
1425	
1483	
1442	
1480	
1383	
1446	
1376	
1399	
1421	
1379	
1430	
1405	
1303	
1406	
1364	
1378	
1278	
1276	
1324	
1334	
1345	
1344	
1256	
1316	
1286	
1341	
1326	
1228	
1288	
1255	
1207	
1235	
1285	
1295	
1308	
1231	
1261	
1243	
1244	
1212	
1192	
1154	
1218	
1168	
1197	
1196	
1247	
1196	
1187	
1164	
1185	
1183	
1129	
1127	
1201	
1098	
1139	
1122	
1094	
1133	
1132	
1130	
1092	
1107	
1062	
1095	
1100	
1116	
1092	
1004	
1085	
1008	
1026	
1091	
1056	
1068	
1085	
1027	
1017	
1016	
972	
1037	
1035	
997	
938	
1020	
1060	
989	
1008	
1003	
989	
938	
1016	
944	
964	
1033	
936	
926	
919	
913	
974	
909	
949	
905	
930	
932	
912	
893	
881	
965	
898	
935	
943	
866	
883	
875	
829	
870	
817	
839	
852	
831	
865	
853	
854	
854	
817	
902	
838	
828	
814	
795	
791	
804	
783	
790	
765	
768	
808	
805	
775	
782	
779	
812	
752	
826	
761	
739	
780	
749	
742	
727	
729	
757	
750	
786	
726	
716	
731	
763	
737	
781	
724	
687	
689	
677	
735	
699	
707	
710	
660	
653	
649	
655	
662	
672	
683	
635	
639	
679	
638	
665	
625	
618	
647	
655	
603	
680	
613	
636	
673	
619	
592	
628	
601	
647	
583	
594	
615	
634	
621	
618	
607	
560	
601	
579	
589	
538	
579	
559	
558	
616	
613	
538	
577	
539	
588	
568	
585	
589	
578	
505	
565	
531	
545	
554	
551	
528	
574	
557	
532	
531	
518	
495	
541	
520	
513	
525	
514	
533	
509	
506	
527	
478	
513	
508	
481	
468	
464	
474	
490	
492	
480	
492	
453	
482	
480	
477	
463	
494	
477	
472	
504	
487	
464	
437	
451	
431	
466	
471	
443	
430	
417	
425	
414	
410	
457	
403	
435	
430	
423	
408	
411	
413	
427	
453	
458	
407	
423	
390	
402	
424	
395	
404	
412	
407	
411	
415	
373	
378	
403	
415	
383	
392	
402	
417	
405	
394	
358	
370	
376	
389	
357	
355	
348	
360	
365	
356	
362	
375	
347	
411	
362	
380	
350	
336	
368	
336	
310	
380	
387	
339	
345	
333	
332	
359	
335	
334	
315	
344	
343	
329	
322	
337	
311	
313	
306	
328	
308	
323	
306	
320	
318	
301	
327	
319	
284	
326	
319	
278	
324	
293	
272	
308	
281	
298	
311	
299	
284	
270	
277	
295	
278	
300	
293	
300	
275	
283	
273	
275	
240	
309	
303	
277	
304	
278	
254	
270	
258	
233	
282	
267	
283	
263	
282	
262	
286	
250	
280	
252	
254	
273	
256	
276	
266	
238	
241	
231	
248	
245	
257	
275	
253	
229	
225	
230	
235	
226	
229	
214	
234	
235	
240	
248	
253	
212	
234	
223	
260	
210	
244	
232	
216	
202	
220	
236	
207	
221	
222	
225	
203	
217	
235	
212	
190	
225	
198	
204	
229	
209	
204	
179	
212	
201	
204	
208	
226	
189	
200	
203	
190	
182	
184	
188	
209	
171	
197	
187	
188	
179	
184	
204	
182	
172	
170	
172	
188	
178	
174	
212	
179	
167	
168	
190	
169	
149	
170	
174	
172	
192	
186	
188	
177	
172	
169	
153	
167	
161	
170	
160	
162	
184	
171	
172	
154	
180	
143	
190	
180	
165	
166	
149	
170	
168	
152	
140	
150	
170	
146	
159	
153	
142	
156	
161	
152	
153	
153	
157	
162	
165	
157	
155	
163	
148	
136	
154	
143	
142	
149	
124	
134	
142	
160	
108	
143	
157	
132	
127	
129	
141	
148	
142	
141	
110	
130	
135	
121	
124	
138	
134	
135	
127	
128	
124	
122	
113	
115	
137	
132	
112	
110	
123	
122	
122	
123	
112	
123	
127	
127	
120	
117	
116	
108	
113	
108	
109	
122	
118	
113	
117	
106	
128	
125	
105	
114	
101	
107	
115	
98	
116	
87	
102	
109	
103	
105	
97	
100	
96	
92	
123	
111	
91	
120	
80	
103	
113	
85	
116	
119	
105	
100	
124	
88	
87	
96	
101	
86	
99	
85	
100	
85	
94	
80	
69	
95	
94	
91	
100	
128	
92	
103	
95	
75	
91	
73	
93	
76	
94	
84	
70	
93	
77	
93	
84	
90	
87	
73	
90	
83	
81	
81	
83	
90	
78	
97	
76	
90	
84	
79	
79	
80	
80	
63	
87	
57	
85	
90	
86	
90	
75	
67	
74	
66	
80	
67	
68	
83	
70	
64	
78	
57	
82	
81	
70	
79	
66	
58	
77	
78	
64	
72	
55	
61	
54	
57	
71	
63	
70	
71	
59	
75	
73	
61	
62	
57	
56	
66	
71	
76	
58	
82	
64	
66	
72	
55	
72	
59	
53	
63	
61	
72	
68	
72	
59	
51	
61	
55	
44	
46	
41	
68	
53	
61	
66	
61	
66	
48	
69	
57	
53	
55	
47	
52	
52	
53	
67	
58	
55	
45	
52	
53	
49	
54	
56	
43	
50	
48	
54	
56	
37	
34	
59	
60	
46	
56	
63	
55	
48	
53	
50	
44	
48	
51	
37	
42	
59	
51	
44	
41	
51	
49	
47	
42	
33	
45	
47	
59	
48	
43	
39	
53	
32	
39	
36	
48	
46	
54	
65	
39	
39	
36	
42	
34	
46	
46	
31	
48	
50	
49	
47	
43	
49	
48	
40	
38	
36	
41	
35	
35	
39	
42	
35	
41	
43	
57	
44	
43	
34	
45	
38	
39	
45	
38	
27	
42	
44	
35	
42	
41	
37	
41	
41	
28	
30	
30	
30	
34	
42	
39	
40	
30	
34	
36	
47	
40	
42	
36	
39	
36	
26	
22	
24	
40	
23	
28	
31	
31	
33	
39	
39	
27	
31	
37	
29	
35	
32	
24	
29	
41	
27	
30	
32	
32	
35	
28	
32	
25	
28	
35	
29	
40	
30	
34	
26	
35	
27	
28	
31	
29	
37	
29	
24	
20	
25	
16	
33	
35	
20	
28	
28	
38	
22	
20	
20	
31	
32	
21	
32	
35	
20	
24	
29	
30	
27	
30	
24	
27	
29	
35	
21	
25	
22	
28	
27	
27	
22	
27	
25	
33	
26	
20	
27	
22	
28	
26	
25	
21	
18	
20	
22	
21	
16	
25	
26	
25	
23	
22	
10	
25	
26	
34	
27	
17	
18	
19	
19	
32	
26	
19	
20	
18	
21	
19	
23	
19	
35	
16	
21	
19	
11	
18	
26	
17	
29	
15	
18	
19	
15	
17	
22	
13	
21	
21	
21	
9	
22	
15	
22	
17	
21	
13	
22	
24	
19	
15	
18	
20	
23	
16	
21	
21	
16	
13	
26	
18	
30	
20	
13	
17	
27	
16	
19	
17	
19	
13	
21	
13	
16	
17	
16	
14	
20	
14	
16	
17	
18	
20	
16	
14	
13	
15	
12	
15	
17	
13	
16	
18	
17	
16	
14	
14	
9	
14	
10	
17	
14	
14	
9	
10	
19	
13	
9	
14	
14	
10	
11	
14	
9	
18	
13	
10	
10	
15	
15	
13	
10	
15	
18	
15	
7	
14	
17	
21	
13	
16	
6	
11	
12	
11	
12	
8	
15	
12	
11	
13	
9	
10	
4	
13	
16	
10	
15	
14	
11	
8	
16	
7	
15	
12	
5	
10	
12	
10	
8	
7	
13	
12	
12	
10	
10	
8	
12	
19	
11	
13	
8	
19	
12	
11	
9	
5	
15	
16	
15	
14	
14	
15	
9	
9	
8	
6	
15	
15	
12	
9	
9	
12	
14	
12	
12	
13	
6	
8	
8	
9	
14	
4	
12	
9	
9	
10	
9	
13	
8	
10	
10	
8	
14	
12	
8	
12	
11	
6	
11	
9	
6	
9	
11	
9	
6	
8	
8	
12	
10	
9	
16	
11	
8	
7	
6	
4	
7	
14	
6	
10	
12	
6	
5	
11	
10	
3	
6	
10	
6	
7	
8	
10	
7	
10	
7	
5	
9	
11	
4	
5	
8	
8	
13	
5	
7	
8	
9	
10	
5	
5	
3	
4	
7	
5	
6	
10	
9	
5	
7	
10	
5	
8	
7	
5	
7	
6	
3	
8	
4	
5	
2	
8	
4	
5	
11	
4	
7	
2	
3	
9	
2	
4	
5	
4	
6	
5	
4	
8	
6	
4	
5	
8	
3	
6	
10	
4	
9	
8	
5	
3	
4	
4	
8	
10	
7	
2	
3	
7	
5	
4	
9	
5	
10	
9	
7	
6	
8	
4	
4	
5	
1	
5	
6	
7	
3	
8	
6	
6	
10	
6	
4	
8	
8	
9	
4	
5	
2	
2	
5	
7	
3	
7	
5	
4	
3	
7	
6	
5	
6	
6	
3	
6	
5	
8	
4	
6	
2	
2	
7	
3	
3	
3	
4	
3	
7	
5	
2	
4	
2	
5	
3	
7	
2	
3	
4	
4	
4	
4	
2	
3	
3	
4	
2	
3	
7	
2	
6	
5	
4	
1	
5	
4	
3	
2	
5	
6	
2	
3	
5	
4	
5	
2	
8	
2	
5	
5	
2	
2	
4	
3	
3	
2	
4	
4	
6	
3	
3	
3	
5	
3	
1	
4	
1	
5	
3	
3	
4	
5	
1	
3	
2	
1	
7	
5	
1	
2	
3	
4	
3	
3	
6	
3	
2	
1	
4	
1	
2	
4	
2	
0	
8	
1	
2	
5	
3	
4	
5	
4	
3	
4	
2	
6	
1	
4	
5	
2	
1	
5	
2	
6	
2	
3	
4	
2	
3	
4	
3	
1	
3	
2	
5	
8	
0	
4	
1	
0	
2	
0	
3	
5	
1	
1	
0	
4	
2	
2	
4	
2	
3	
1	
3	
2	
0	
1	
2	
2	
2	
2	
3	
0	
2	
1	
3	
2	
2	
1	
1	
3	
2	
2	
1	
3	
0	
2	
1	
1	
2	
4	
1	
1	
6	
0	
2	
0	
0	
2	
3	
1	
1	
3	
4	
0	
0	
1	
4	
1	
1	
4	
3	
1	
1	
2	
4	
0	
1	
3	
6	
2	
2	
4	
1	
5	
2	
1	
1	
0	
4	
0	
3	
0	
0	
1	
3	
2	
0	
2	
0	
1	
2	
0	
1	
1	
0	
1	
4	
2	
3	
3	
0	
2	
2	
3	
2	
1	
2	
1	
2	
2	
1	
1	
3	
1	
0	
1	
1	
1	
0	
2	
0	
4	
1	
0	
0	
1	
0	
1	
2	
1	
1	
1	
2	
1	
1	
2	
2	
2	
0	
1	
4	
0	
1	
1	
0	
0	
1	
1	
1	
1	
3	
1	
1	
2	
0	
1	
1	
1	
0	
0	
1	
0	
1	
2	
1	
2	
0	
0	
3	
0	
1	
1	
0	
0	
2	
1	
1	
0	
0	
0	
1	
3	
1	
1	
1	
0	
2	
3	
1	
2	
1	
1	
1	
0	
3	
0	
1	
2	
2	
1	
2	
0	
0	
0	
0	
1	
0	
0	
1	
0	
1	
3	
1	
1	
0	
1	
1	
0	
1	
0	
0	
3	
2	
3	
2	
0	
1	
3	
1	
1	
0	
2	
1	
2	
1	
0	
0	
1	
0	
0	
3	
0	
1	
2	
2	
1	
1	
1	
1	
2	
1	
2	
2	
0	
1	
1	
0	
1	
3	
1	
2	
0	
1	
1	
0	
1	
0	
0	
0	
0	
2	
1	
2	
2	
1	
2	
2	
0	
2	
1	
0	
0	
3	
0	
0	
0	
0	
0	
1	
2	
0	
1	
1	
1	
0	
1	
0	
1	
0	
0	
0	
2	
0	
0	
0	
3	
1	
1	
0	
0	
1	
1	
1	
3	
0	
1	
0	
0	
0	
1	
2	
0	
0	
0	
0	
0	
0	
0	
1	
0	
0	
0	
1	
1	
1	
1	
0	
1	
0	
2	
0	
0	
0	
2	
1	
2	
0	
0	
1	
2	
0	
0	
0	
1	
0	
1	
0	
0	
1	
0	
1	
0	
1	
1	
1	
1	
0	
0	
0	
0	
0	
0	
0	
1	
0	
0	
1	
1	
0	
0	
1	
0	
0	
1	
0	
0	
1	
2	
0	
0	
2	
1	
1	
1	
0	
0	
1	
0	
0	
0	
0	
3	
0	
0	
1	
0	
0	
0	
0	
0	
0	
0	
0	
0	
0	
1	
0	
0	
0	
2	
1	
0	
0	
0	
0	
0	
1	
0	
1	
1	
0	
0	
1	
0	
1	
1	
0	
1	
0	
0	
0	
0	
0	
0	
0	
0	
0	
0	
0	
1	
1	
0	
0	
0	
0	
1	
0	
1	
0	
3	
0	
0	
0	
1	
0	
0	
0	
1	
1	
1	
1	
0	
1	
0	
0	
1	
0	
0	
0	
0	
0	
0	
0	
1	
0	
0	
0	
2	
0	
1	
0	
0	
0	
0	
0	
0	
0	
0	
0	
0	
0	
0	
0	
1	
0	
0	
0	
0	
0	
0	
0	
0	
0	
0	
0	
0	
0	
3	
0	
0	
1	
1	
0	
1	
0	
0	
1	
0	
1	
0	
1	
0	
0	
0	
1	
1	
1	
1	
0	
1	
0	
1	
0	
0	
0	
0	
0	
0	
0	
0	
0	
0	
0	
0	
1	
0	
1	
0	
1	
0	
0	
0	
1	
1	
1	
2	
0	
0	
1	
0	
0	
1	
0	
1	
0	
0	
1	
2	
0	
0	
0	
0	
0	
0	
1	
0	
0	
1	
0	
1	
0	
0	
1	
0	
0	
0	
0	
0	
0	
0	
0	
1	
0	
0	
0	
0	
0	
0	
0	
1	
0	
1	
0	
0	
0	
1	
0	
0	
0	
1	
0	
0	
0	
0	
0	
1	
0	
0	
0	
1	
0	
1	
1	
0	
1	
0	
1	
0	
1	
0	
0	
1	
0	
0	
0	
1	
0	
0	
0	
0	
0	
0	
0	
0	
0	
0	
0	
0	
2	
0	
0	
0	
0	
0	
0	
0	
0	
0	
0	
0	
0	
0	
1	
0	
1	
1	
0	
0	
0	
0	
1	
0	
0	
0	
0	
0	
0	
0	
0	
0	
0	
0	
0	
0	
0	
2	
1	
0	
0	
0	
0	
0	
0	
0	
0	
0	
0	
0	
0	
0	
0	
1	
1	
0	
0	
0	
0	
1	
0	
0	
0	
0	
0	
0	
0	
0	
0	
0	
0	
0	
0	
0	
0	
1	
0	
0	
0	
1	
0	
0	
0	
0	
1	
1	
0	
1	
0	
0	
0	
0	
0	
0	
1	
0	
0	
0	
0	
0	
1	
0	
0	
0	
0	
2	
0	
0	
0	
0	
0	
0	
0	
0	
0	
1	
0	
1	
1	
0	
0	
0	
0	
0	
1	
0	
0	
0	
1	
1	
0	
0	
0	
0	
1	
0	
0	
1	
0	
0	
2	
1	
1	
0	
0	
0	
0	
0	
0	
1	
0	
0	
1	
0	
0	
0	
0	
0	
0	
0	
0	
1	
0	
1	
1	
2	
0	
1	
1	
2	
1	
0	
0	
0	
1	
2	
2	
1	
0	
1	
1	
0	
1	
0	
0	
3	
1	
2	
2	
1	
3	
1	
0	
1	
1	
0	
2	
0	
2	
0	
1	
1	
1	
2	
2	
0	
1	
2	
2	
1	
3	
4	
0	
1	
1	
2	
1	
2	
5	
3	
3	
3	
3	
1	
4	
2	
1	
1	
2	
1	
1	
3	
1	
2	
3	
2	
3	
0	
2	
4	
2	
4	
5	
2	
2	
4	
4	
3	
2	
4	
0	
5	
3	
1	
4	
1	
3	
3	
4	
4	
4	
2	
4	
2	
2	
4	
3	
4	
2	
5	
3	
4	
1	
2	
4	
2	
4	
1	
6	
3	
4	
7	
3	
2	
4	
2	
6	
5	
1	
1	
2	
5	
0	
2	
4	
1	
0	
4	
4	
6	
5	
3	
3	
2	
6	
6	
1	
2	
4	
1	
0	
1	
2	
3	
0	
1	
2	
3	
6	
4	
1	
1	
5	
1	
3	
1	
2	
6	
5	
1	
4	
7	
3	
2	
0	
2	
2	
6	
4	
1	
1	
5	
3	
2	
1	
8	
4	
1	
1	
1	
3	
0	
3	
2	
1	
2	
7	
4	
3	
2	
4	
5	
5	
2	
2	
3	
2	
2	
3	
3	
4	
2	
1	
1	
6	
2	
1	
1	
0	
3	
4	
5	
0	
1	
1	
2	
3	
3	
2	
2	
6	
1	
2	
3	
3	
3	
4	
2	
5	
1	
1	
1	
2	
2	
4	
2	
3	
2	
0	
2	
2	
3	
1	
2	
0	
2	
1	
4	
1	
2	
1	
1	
3	
2	
2	
0	
4	
3	
1	
2	
0	
2	
1	
0	
1	
3	
1	
1	
4	
0	
1	
0	
1	
1	
4	
2	
0	
3	
4	
2	
1	
1	
0	
3	
3	
4	
1	
6	
1	
1	
1	
1	
1	
3	
0	
4	
4	
1	
2	
1	
1	
0	
0	
1	
0	
1	
1	
2	
1	
2	
3	
1	
4	
1	
2	
1	
3	
1	
3	
4	
1	
3	
0	
1	
1	
3	
2	
4	
0	
0	
2	
1	
1	
1	
0	
1	
0	
0	
1	
2	
2	
4	
1	
1	
1	
0	
1	
1	
2	
1	
1	
0	
2	
4	
1	
0	
2	
2	
2	
0	
1	
0	
0	
3	
0	
0	
1	
1	
0	
2	
2	
0	
1	
1	
0	
1	
1	
2	
1	
2	
0	
4	
1	
2	
3	
1	
1	
2	
1	
1	
1	
0	
2	
1	
1	
1	
2	
1	
2	
1	
4	
1	
0	
1	
0	
2	
0	
0	
0	
0	
0	
0	
1	
0	
0	
0	
0	
0	
3	
1	
3	
3	
0	
0	
1	
1	
0	
2	
2	
1	
2	
0	
0	
1	
0	
1	
2	
2	
1	
3	
0	
0	
3	
1	
1	
0	
0	
1	
0	
3	
0	
0	
1	
2	
3	
2	
0	
0	
0	
2	
0	
0	
0	
0	
0	
3	
2	
1	
0	
3	
0	
0	
2	
1	
0	
0	
0	
0	
3	
0	
0	
1	
1	
0	
0	
0	
1	
0	
0	
1	
0	
0	
1	
1	
1	
1	
1	
1	
1	
1	
0	
1	
0	
2	
1	
0	
0	
0	
2	
1	
1	
0	
1	
1	
2	
1	
0	
0	
1	
0	
2	
2	
0	
1	
0	
0	
2	
2	
1	
0	
1	
0	
2	
0	
2	
1	
1	
1	
1	
0	
1	
2	
0	
0	
0	
0	
1	
1	
0	
0	
0	
0	
0	
0	
1	
0	
0	
0	
0	
2	
1	
0	
0	
1	
1	
0	
0	
0	
1	
0	
0	
1	
0	
1	
1	
0	
0	
0	
0	
1	
0	
0	
0	
0	
0	
2	
0	
0	
1	
1	
0	
1	
0	
2	
1	
0	
1	
1	
0	
0	
1	
0	
0	
2	
1	
0	
0	
0	
1	
0	
0	
0	
0	
1	
0	
0	
0	
0	
1	
2	
0	
0	
0	
0	
0	
0	
1	
2	
0	
1	
1	
0	
0	
0	
0	
1	
1	
0	
0	
0	
1	
0	
0	
0	
1	
0	
1	
0	
0	
3	
0	
0	
0	
0	
0	
2	
0	
0	
0	
0	
1	
0	
0	
1	
0	
0	
1	
1	
0	
0	
1	
0	
1	
0	
0	
0	
1	
0	
1	
0	
1	
0	
0	
0	
0	
0	
0	
0	
0	
1	
0	
1	
0	
0	
0	
0	
0	
0	
1	
0	
0	
0	
0	
0	
0	
1	
0	
0	
0	
0	
0	
0	
1	
0	
0	
0	
0	
0	
0	
0	
0	
0	
0	
0	
0	
0	
3	
0	
1	
0	
1	
0	
0	
0	
5	
0	
0	
0	
0	
0	
0	
1	
0	
0	
0	
0	
0	
0	
0	
1	
0	
0	
0	
2	
0	
1	
0	
0	
2	
0	
0	
1	
0	
0	
0	
0	
0	
1	
0	
0	
0	
0	
0	
0	
0	
0	
0	
0	
0	
1	
0	
0	
1	
0	
0	
0	
1	
0	
0	
0	
0	
0	
0	
0	
0	
0	
0	
0	
0	
0	
0	
1	
0	
0	
0	
0	
0	
0	
1	
1	
0	
0	
0	
0	
0	
0	
0	
0	
0	
0	
1	
0	
0	
1	
0	
0	
0	
0	
0	
0	
0	
0	
0	
0	
0	
0	
0	
0	
0	
0	
0	
1	
0	
0	
0	
1	
0	
0	
0	
0	
0	
1	
1	
0	
0	
0	
0	
0	
0	
0	
0	
0	
0	
1	
1	
0	
1	
0	
0	
0	
0	
0	
0	
0	
0	
0	
0	
0	
0	
0	
0	
0	
0	
1	
0	
0	
1	
0	
0	
0	
0	
2	
1	
0	
0	
0	
1	
0	
0	
0	
1	
0	
0	
0	
0	
0	
0	
0	
0	
0	
0	
0	
0	
0	
0	
0	
0	
0	
1	
1	
0	
0	
0	
0	
0	
0	
0	
0	
0	
0	
0	
0	
0	
0	
0	
0	
0	
0	
0	
1	
0	
0	
0	
0	
0	
0	
0	
0	
0	
0	
0	
0	
0	
0	
0	
0	
1	
0	
0	
0	
0	
0	
0	
0	
0	
0	
0	
0	
1	
0	
1	
0	
0	
0	
0	
0	
0	
0	
1	
0	
0	
0	
0	
0	
0	
0	
1	
0	
1	
0	
1	
0	
0	
0	
1	
0	
0	
0	
0	
1	
0	
0	
0	
0	
0	
1	
0	
0	
0	
1	
0	
0	
0	
0	
0	
0	
1	
1	
0	
0	
0	
0	
0	
0	
0	
0	
0	
0	
0	
0	
0	
0	
1	
0	
0	
0	
0	
1	
0	
0	
0	
0	
0	
0	
0	
0	
0	
0	
0	
0	
0	
0	
0	
0	
0	
0	
0	
0	
0	
0	
0	
1	
1	
0	
0	
0	
0	
0	
1	
0	
1	
0	
0	
0	
0	
0	
1	
1	
0	
0	
0	
1	
0	
0	
0	
0	
0	
0	
1	
0	
0	
0	
0	
0	
1	
0	
0	
0	
0	
0	
0	
0	
0	
1	
0	
0	
0	
0	
0	
0	
0	
1	
1	
1	
0	
0	
0	
0	
1	
0	
0	
0	
0	
0	
0	
0	
0	
0	
0	
0	
0	
0	
0	
0	
0	
0	
0	
0	
0	
0	
0	
0	
0	
0	
1	
0	
0	
0	
0	
0	
0	
1	
0	
0	
0	
0	
0	
0	
0	
0	
0	
1	
0	
0	
0	
0	
0	
0	
0	
0	
0	
0	
0	
0	
0	
1	
0	
0	
0	
0	
0	
0	
0	
0	
1	
0	
0	
0	
0	
0	
0	
0	
0	
0	
0	
0	
0	
0	
0	
0	
0	
0	
0	
0	
0	
0	
0	
2	
0	
0	
0	
0	
0	
0	
0	
0	
0	
0	
0	
0	
0	
0	
0	
0	
0	
0	
0	
0	
1	
0	
1	
0	
0	
0	
0	
1	
0	
0	
0	
0	
0	
0	
0	
0	
0	
0	
0	
0	
1	
0	
0	
0	
1	
0	
0	
0	
0	
0	
0	
0	
0	
0	
0	
0	
0	
1	
0	
0	
0	
0	
0	
0	
0	
0	
0	
0	
0	
0	
0	
0	
0	
0	
0	
0	
0	
0	
0	
0	
0	
0	
1	
0	
0	
0	
0	
0	
0	
0	
1	
0	
0	
0	
0	
0	
0	
0	
0	
0	
0	
0	
0	
0	
0	
1	
0	
0	
0	
0	
0	
0	
0	
0	
0	
0	
1	
0	
0	
0	
0	
1	
0	
0	
0	
0	
0	
0	
0	
0	
0	
0	
0	
0	
0	
0	
0	
0	
0	
0	
0	
0	
0	
0	
0	
0	
0	
0	
0	
0	
0	
0	
1	
0	
0	
0	
0	
0	
0	
0	
0	
0	
0	
0	
0	
0	
0	
1	
0	
1	
0	
0	
0	
0	
0	
0	
0	
0	
1	
0	
0	
0	
0	
0	
0	
0	
0	
0	
0	
0	
0	
0	
0	
0	
0	
0	
0	
0	
0	
0	
1	
1	
0	
0	
0	
0	
0	
0	
0	
0	
0	
0	
0	
1	
1	
0	
0	
1	
0	
0	
0	
0	
1	
0	
0	
0	
0	
0	
0	
0	
0	
1	
0	
0	
0	
0	
0	
0	
0	
0	
0	
0	
0	
0	
0	
0	
0	
0	
0	
0	
0	
0	
0	
0	
0	
0	
0	
0	
0	
0	
0	
1	
0	
0	
0	
1	
0	
0	
0	
1	
0	
0	
0	
0	
0	
1	
0	
0	
1	
0	
1	
0	
0	
0	
0	
0	
0	
0	
0	
0	
0	
0	
0	
0	
0	
0	
0	
0	
1	
0	
0	
0	
0	
0	
0	
0	
0	
0	
1	
0	
0	
0	
0	
0	
0	
0	
0	
0	
0	
0	
0	
0	
0	
0	
0	
0	
0	
0	
0	
0	
0	
0	
0	
0	
0	
0	
0	
1	
0	
0	
0	
0	
0	
0	
0	
0	
1	
0	
0	
0	
0	
0	
0	
0	
0	
0	
0	
0	
0	
1	
0	
0	
0	
0	
0	
0	
0	
0	
0	
0	
0	
0	
0	
0	
0	
0	
0	
0	
0	
0	
0	
0	
0	
0	
0	
0	
0	
0	
0	
0	
0	
0	
0	
0	
0	
0	
0	
0	
0	
0	
0	
0	
0	
0	
0	
0	
0	
0	
0	
0	
0	
0	
0	
0	
0	
0	
0	
0	
0	
0	
0	
0	
0	
0	
0	
0	
0	
0	
0	
0	
0	
1	
1	
0	
0	
0	
0	
0	
0	
0	
0	
0	
0	
0	
0	
0	
0	
0	
0	
0	
0	
1	
0	
0	
0	
0	
0	
0	
0	
0	
0	
0	
0	
0	
0	
0	
0	
0	
0	
0	
0	
0	
0	
0	
0	
0	
0	
1	
0	
0	
0	
0	
2	
0	
1	
0	
0	
0	
0	
0	
0	
0	
0	
0	
0	
0	
0	
0	
0	
0	
0	
0	
0	
0	
0	
0	
0	
0	
0	
1	
0	
0	
0	
0	
0	
0	
0	
0	
0	
0	
0	
0	
1	
0	
0	
0	
0	
0	
0	
0	
0	
0	
0	
0	
0	
0	
0	
0	
0	
0	
0	
0	
0	
0	
0	
0	
0	
0	
0	
0	
0	
0	
0	
0	
0	
0	
0	
0	
0	
0	
0	
0	
0	
0	
0	
0	
0	
0	
0	
0	
0	
0	
0	
0	
0	
0	
0	
0	
0	
0	
0	
0	
0	
0	
0	
0	
0	
0	
0	
0	
0	
0	
0	
0	
1	
0	
1	
1	
0	
0	
0	
0	
0	
0	
0	
0	
0	
0	
0	
0	
0	
0	
0	
0	
0	
0	
0	
1	
0	
0	
0	
1	
0	
0	
0	
0	
0	
0	
0	
0	
0	
0	
0	
0	
1	
0	
0	
0	
0	
0	
0	
0	
0	
0	
0	
0	
1	
0	
0	
0	
0	
0	
0	
0	
0	
0	
0	
1	
0	
0	
0	
0	
0	
0	
0	
0	
0	
0	
0	
0	
0	
0	
0	
0	
0	
0	
0	
0	
0	
0	
0	
0	
1	
0	
0	
0	
0	
0	
1	
0	
0	
0	
0	
0	
0	
0	
1	
0	
0	
0	
0	
0	
0	
0	
0	
0	
0	
0	
0	
0	
0	
1	
0	
0	
0	
0	
0	
0	
0	
0	
0	
0	
0	
0	
1	
0	
0	
0	
0	
0	
0	
1	
0	
1	
0	
0	
0	
0	
0	
0	
0	
0	
0	
0	
0	
0	
0	
0	
0	
0	
0	
0	
0	
0	
0	
0	
1	
0	
0	
0	
0	
0	
1	
1	
1	
0	
0	
0	
0	
0	
0	
0	
0	
0	
0	
0	
0	
0	
0	
0	
0	
0	
0	
0	
0	
0	
0	
0	
0	
0	
0	
0	
0	
0	
0	
0	
0	
0	
1	
0	
0	
1	
0	
0	
0	
0	
0	
0	
0	
0	
0	
0	
0	
0	
0	
0	
0	
0	
0	
0	
0	
0	
0	
0	
0	
0	
0	
0	
0	
0	
0	
0	
0	
0	
0	
0	
1	
0	
0	
0	
0	
0	
0	
0	
0	
0	
0	
0	
0	
1	
0	
0	
0	
0	
0	
0	
0	
0	
0	
1	
0	
0	
0	
0	
0	
0	
0	
0	
0	
0	
0	
0	
0	
0	
0	
0	
0	
0	
0	
1	
1	
0	
0	
0	
0	
0	
0	
0	
0	
0	
0	
0	
0	
1	
0	
0	
0	
0	
0	
0	
0	
0	
0	
0	
0	
0	
0	
0	
0	
1	
0	
0	
0	
0	
0	
0	
0	
0	
0	
0	
1	
0	
0	
1	
0	
0	
0	
0	
0	
1	
0	
0	
0	
0	
0	
0	
0	
0	
0	
0	
0	
0	
0	
1	
0	
0	
0	
0	
0	
0	
0	
0	
0	
0	
0	
0	
1	
0	
0	
0	
0	
0	
0	
0	
0	
0	
0	
0	
0	
0	
0	
0	
0	
0	
0	
0	
0	
0	
0	
1	
0	
1	
0	
0	
0	
0	
0	
0	
0	
0	
3	
0	
0	
1	
0	
0	
1	
0	
1	
0	
0	
0	
0	
0	
0	
1	
2	
0	
1	
0	
1	
0	
1	
0	
0	
0	
0	
0	
1	
0	
0	
0	
0	
0	
0	
0	
0	
0	
0	
0	
0	
1	
0	
0	
0	
0	
1	
0	
0	
0	
0	
0	
0	
0	
0	
0	
1	
0	
0	
1	
1	
0	
0	
0	
0	
0	
0	
0	
1	
0	
0	
0	
0	
1	
1	
1	
2	
0	
0	
0	
0	
0	
0	
0	
0	
0	
0	
0	
0	
0	
0	
0	
0	
0	
0	
0	
0	
1	
0	
0	
0	
0	
0	
0	
0	
0	
0	
0	
0	
0	
0	
0	
0	
0	
0	
1	
1	
1	
1	
0	
0	
0	
1	
0	
0	
0	
0	
0	
1	
0	
0	
1	
0	
0	
0	
0	
0	
0	
1	
0	
0	
0	
0	
0	
1	
1	
0	
0	
0	
1	
0	
0	
0	
1	
1	
0	
0	
0	
0	
0	
0	
0	
0	
0	
0	
0	
0	
0	
0	
0	
0	
0	
1	
0	
0	
1	
0	
0	
0	
0	
0	
0	
0	
0	
1	
0	
0	
0	
0	
0	
0	
0	
0	
0	
0	
0	
1	
0	
0	
0	
1	
0	
0	
0	
1	
0	
0	
0	
0	
0	
0	
0	
0	
0	
0	
0	
0	
0	
0	
0	
0	
0	
0	
0	
1	
0	
1	
2	
0	
0	
0	
0	
0	
0	
0	
0	
0	
0	
0	
1	
0	
0	
0	
0	
1	
1	
0	
0	
1	
0	
0	
0	
0	
0	
0	
0	
0	
0	
0	
0	
0	
0	
0	
0	
0	
1	
0	
0	
0	
0	
0	
0	
0	
0	
0	
1	
1	
0	
1	
1	
0	
1	
0	
0	
0	
0	
1	
0	
0	
0	
0	
2	
0	
0	
0	
0	
0	
0	
0	
0	
0	
2	
0	
0	
1	
1	
0	
0	
0	
1	
0	
0	
0	
1	
0	
0	
0	
1	
0	
0	
0	
1	
0	
0	
0	
0	
0	
0	
0	
0	
0	
0	
1	
0	
1	
0	
0	
0	
0	
0	
0	
0	
1	
0	
0	
0	
0	
1	
0	
0	
0	
1	
0	
0	
0	
0	
0	
1	
0	
0	
0	
0	
0	
1	
1	
0	
0	
0	
1	
1	
0	
1	
0	
0	
1	
0	
0	
0	
0	
0	
0	
0	
0	
0	
0	
0	
0	
0	
1	
0	
0	
0	
0	
0	
0	
0	
1	
0	
0	
0	
0	
1	
1	
0	
0	
0	
0	
0	
0	
0	
0	
1	
1	
0	
1	
0	
0	
0	
0	
0	
0	
0	
1	
0	
0	
0	
0	
0	
1	
1	
0	
1	
0	
0	
0	
0	
0	
0	
