#PicoHarp 300  Histogram Data			15/04/2023 02:03:11 PM
#channels per curve
3375
#display curve no.
0	
#memory block no.
0	
#ns/channel
0.0160	
#counts
0	
0	
0	
0	
0	
0	
0	
0	
0	
0	
0	
0	
0	
0	
0	
0	
0	
0	
0	
0	
0	
0	
0	
0	
0	
0	
0	
0	
0	
1	
0	
0	
0	
0	
0	
0	
0	
0	
0	
0	
0	
0	
0	
0	
0	
0	
0	
0	
0	
0	
0	
0	
0	
0	
0	
0	
0	
0	
0	
0	
0	
0	
0	
0	
1	
0	
0	
0	
0	
0	
0	
0	
0	
0	
0	
0	
0	
0	
0	
0	
0	
0	
0	
0	
0	
0	
0	
0	
0	
0	
0	
0	
0	
0	
0	
0	
0	
0	
0	
0	
0	
0	
0	
0	
0	
0	
0	
0	
0	
0	
0	
0	
0	
0	
0	
1	
0	
0	
0	
0	
0	
0	
0	
0	
0	
0	
0	
0	
0	
0	
0	
0	
0	
0	
0	
0	
0	
0	
0	
0	
0	
0	
0	
0	
0	
0	
0	
0	
0	
0	
0	
0	
0	
0	
0	
0	
0	
0	
0	
0	
0	
0	
0	
0	
0	
0	
0	
0	
0	
1	
0	
0	
0	
0	
0	
0	
0	
0	
0	
0	
0	
0	
0	
0	
0	
0	
0	
0	
0	
0	
0	
0	
0	
0	
0	
0	
0	
0	
0	
0	
0	
0	
0	
1	
0	
0	
0	
0	
0	
0	
0	
0	
0	
0	
0	
0	
0	
0	
0	
0	
0	
0	
0	
0	
0	
1	
0	
0	
0	
0	
0	
0	
0	
0	
0	
0	
0	
0	
0	
0	
0	
0	
0	
0	
0	
0	
0	
0	
0	
0	
0	
0	
0	
0	
0	
0	
0	
0	
0	
0	
0	
0	
0	
0	
1	
0	
0	
0	
0	
0	
0	
0	
0	
0	
0	
0	
0	
0	
0	
0	
0	
0	
0	
0	
0	
0	
0	
0	
0	
0	
0	
0	
0	
0	
0	
0	
0	
0	
0	
0	
0	
0	
0	
0	
0	
0	
0	
0	
0	
0	
0	
0	
0	
0	
0	
0	
0	
0	
0	
0	
0	
0	
0	
0	
0	
0	
0	
0	
0	
0	
0	
0	
0	
0	
0	
0	
0	
0	
0	
0	
0	
0	
0	
0	
0	
0	
0	
0	
0	
0	
0	
0	
0	
0	
0	
0	
0	
0	
1	
0	
0	
0	
0	
0	
0	
0	
0	
0	
0	
0	
0	
0	
0	
0	
0	
0	
0	
0	
0	
0	
0	
0	
0	
0	
0	
0	
0	
0	
0	
0	
0	
0	
0	
0	
0	
0	
0	
0	
0	
0	
0	
0	
0	
0	
0	
0	
0	
0	
1	
0	
0	
0	
0	
0	
0	
0	
0	
0	
0	
0	
0	
0	
0	
0	
0	
0	
0	
0	
0	
0	
0	
0	
0	
0	
0	
0	
1	
0	
0	
0	
0	
0	
0	
0	
0	
0	
0	
0	
0	
0	
0	
0	
0	
0	
0	
0	
0	
0	
0	
0	
0	
0	
0	
0	
0	
0	
0	
0	
0	
0	
0	
0	
0	
0	
1	
0	
0	
0	
0	
0	
0	
0	
0	
0	
0	
0	
0	
0	
0	
0	
0	
0	
0	
1	
0	
0	
0	
0	
1	
2	
0	
0	
2	
0	
1	
1	
2	
2	
0	
0	
3	
0	
2	
2	
2	
2	
1	
2	
2	
2	
3	
2	
2	
1	
0	
4	
3	
2	
1	
1	
1	
0	
5	
3	
0	
3	
0	
0	
1	
0	
1	
1	
0	
0	
0	
0	
1	
1	
0	
0	
0	
0	
0	
1	
1	
1	
0	
0	
0	
0	
0	
0	
0	
1	
0	
0	
0	
0	
0	
0	
0	
0	
0	
1	
0	
0	
0	
0	
0	
0	
1	
0	
0	
0	
0	
0	
0	
0	
0	
0	
0	
0	
0	
0	
0	
0	
0	
0	
0	
0	
0	
0	
0	
0	
1	
0	
0	
0	
0	
0	
0	
0	
0	
0	
0	
0	
0	
0	
0	
0	
0	
0	
0	
0	
0	
0	
0	
0	
0	
0	
0	
1	
0	
1	
2	
3	
4	
2	
4	
0	
4	
3	
4	
3	
4	
4	
2	
4	
0	
1	
0	
1	
1	
3	
2	
2	
2	
1	
7	
2	
7	
9	
5	
7	
13	
4	
8	
12	
10	
12	
10	
14	
9	
7	
3	
1	
6	
3	
2	
5	
2	
2	
1	
0	
0	
4	
1	
0	
2	
0	
1	
0	
0	
4	
0	
3	
2	
2	
1	
0	
0	
2	
1	
1	
0	
1	
2	
1	
0	
0	
1	
0	
2	
1	
1	
3	
2	
0	
1	
0	
1	
0	
0	
2	
0	
1	
1	
1	
0	
1	
0	
1	
0	
0	
0	
1	
0	
0	
0	
0	
1	
0	
0	
0	
0	
1	
1	
0	
0	
0	
0	
0	
0	
0	
0	
0	
0	
0	
1	
0	
0	
0	
0	
0	
0	
0	
0	
0	
0	
0	
0	
0	
0	
0	
0	
0	
0	
0	
0	
0	
0	
0	
0	
0	
0	
0	
0	
0	
0	
0	
0	
0	
0	
0	
0	
0	
0	
0	
0	
0	
0	
0	
0	
0	
0	
0	
0	
0	
0	
0	
0	
0	
0	
0	
0	
0	
1	
0	
2	
0	
1	
3	
1	
2	
6	
6	
28	
122	
417	
992	
2124	
3628	
5132	
6736	
8100	
9324	
10000	
9056	
7464	
5825	
4060	
3023	
2301	
1749	
1367	
1173	
930	
801	
743	
645	
584	
514	
466	
360	
324	
327	
329	
284	
295	
320	
272	
286	
287	
254	
224	
218	
216	
167	
144	
118	
114	
123	
98	
111	
93	
93	
71	
71	
64	
74	
80	
83	
55	
71	
74	
55	
65	
54	
56	
61	
53	
51	
39	
48	
50	
39	
44	
50	
55	
48	
50	
48	
55	
43	
41	
42	
25	
36	
45	
36	
38	
41	
41	
45	
40	
47	
33	
41	
49	
36	
26	
35	
29	
40	
38	
42	
40	
49	
39	
46	
39	
36	
35	
36	
49	
42	
32	
38	
48	
30	
24	
25	
36	
21	
35	
45	
37	
33	
21	
35	
34	
28	
33	
40	
40	
27	
37	
24	
29	
23	
30	
28	
33	
31	
21	
33	
28	
39	
41	
29	
43	
35	
38	
31	
32	
37	
28	
26	
31	
34	
29	
26	
40	
32	
35	
26	
31	
29	
28	
32	
29	
28	
29	
31	
30	
26	
25	
20	
25	
27	
24	
23	
25	
29	
25	
27	
29	
21	
28	
33	
26	
26	
29	
23	
36	
27	
23	
21	
21	
24	
28	
19	
34	
24	
30	
28	
27	
32	
21	
22	
32	
32	
33	
37	
27	
31	
30	
21	
28	
17	
31	
19	
32	
24	
21	
25	
23	
27	
19	
15	
18	
20	
21	
21	
25	
20	
28	
26	
21	
32	
15	
19	
19	
29	
22	
28	
24	
22	
25	
20	
22	
22	
26	
22	
12	
26	
20	
15	
15	
24	
19	
29	
15	
15	
19	
14	
11	
33	
30	
21	
22	
27	
20	
17	
14	
18	
26	
23	
31	
15	
26	
19	
15	
13	
22	
22	
20	
26	
24	
18	
17	
26	
14	
20	
18	
22	
20	
17	
14	
18	
10	
21	
21	
20	
29	
25	
16	
18	
19	
16	
9	
21	
14	
18	
18	
18	
16	
19	
17	
23	
15	
16	
17	
14	
17	
16	
17	
17	
10	
5	
15	
14	
21	
14	
20	
10	
16	
16	
13	
13	
17	
16	
10	
15	
22	
19	
16	
13	
9	
19	
17	
11	
13	
16	
13	
21	
11	
15	
13	
13	
7	
17	
15	
16	
16	
13	
15	
10	
11	
15	
5	
10	
15	
17	
15	
17	
12	
19	
16	
10	
12	
15	
18	
19	
18	
18	
15	
16	
15	
13	
13	
17	
11	
9	
12	
9	
14	
12	
21	
12	
27	
25	
27	
17	
20	
20	
11	
21	
13	
20	
13	
16	
10	
20	
21	
13	
11	
13	
17	
10	
11	
16	
13	
12	
7	
14	
11	
9	
18	
16	
13	
13	
11	
9	
17	
14	
18	
11	
17	
10	
9	
11	
13	
9	
7	
7	
11	
15	
12	
8	
10	
7	
10	
12	
8	
13	
9	
11	
17	
8	
11	
9	
13	
10	
6	
9	
7	
14	
6	
11	
7	
7	
6	
9	
6	
10	
10	
7	
11	
6	
4	
8	
8	
11	
12	
13	
11	
15	
3	
9	
10	
7	
9	
11	
16	
14	
6	
7	
14	
13	
14	
8	
10	
13	
8	
6	
10	
9	
5	
8	
11	
14	
8	
6	
6	
9	
12	
5	
8	
12	
10	
7	
9	
7	
9	
10	
10	
6	
5	
9	
3	
7	
8	
9	
9	
7	
10	
11	
8	
14	
8	
11	
6	
9	
8	
6	
8	
10	
9	
7	
5	
7	
7	
11	
9	
9	
3	
8	
8	
9	
8	
10	
9	
6	
6	
5	
3	
8	
8	
5	
9	
10	
11	
8	
9	
16	
8	
8	
11	
8	
9	
9	
7	
5	
8	
5	
7	
10	
3	
5	
7	
9	
7	
4	
10	
4	
6	
4	
6	
6	
5	
8	
9	
11	
12	
5	
14	
8	
7	
6	
6	
6	
8	
2	
9	
5	
5	
5	
4	
8	
9	
8	
8	
4	
7	
7	
4	
5	
2	
4	
8	
4	
2	
5	
5	
6	
6	
4	
6	
5	
5	
6	
8	
5	
4	
6	
4	
4	
6	
9	
9	
4	
7	
6	
6	
3	
3	
4	
5	
11	
2	
7	
2	
6	
13	
3	
7	
5	
8	
12	
4	
5	
7	
5	
9	
5	
1	
7	
5	
7	
7	
4	
1	
7	
2	
5	
4	
4	
4	
3	
9	
2	
6	
9	
5	
3	
4	
8	
7	
8	
5	
7	
2	
6	
8	
6	
6	
3	
4	
5	
5	
6	
3	
5	
1	
4	
4	
5	
7	
7	
5	
2	
8	
3	
3	
3	
0	
8	
1	
3	
2	
5	
6	
3	
3	
4	
2	
5	
1	
5	
2	
1	
6	
4	
4	
4	
6	
2	
2	
4	
3	
6	
3	
1	
5	
3	
6	
4	
1	
5	
2	
4	
4	
5	
3	
4	
3	
5	
4	
2	
7	
4	
4	
3	
2	
4	
3	
3	
9	
3	
4	
3	
2	
5	
3	
1	
1	
3	
4	
6	
2	
4	
2	
5	
4	
7	
2	
5	
3	
4	
2	
2	
4	
5	
3	
4	
5	
2	
9	
2	
3	
3	
1	
1	
4	
3	
3	
5	
5	
3	
2	
4	
2	
6	
2	
3	
1	
5	
4	
5	
5	
4	
2	
7	
5	
4	
2	
8	
7	
4	
5	
3	
3	
1	
1	
4	
4	
2	
1	
7	
3	
4	
2	
3	
2	
1	
2	
2	
4	
4	
1	
0	
3	
7	
3	
2	
3	
1	
4	
3	
3	
5	
2	
2	
2	
1	
4	
1	
5	
1	
4	
2	
2	
3	
1	
2	
2	
2	
0	
4	
2	
3	
1	
4	
3	
2	
3	
2	
3	
5	
2	
0	
2	
1	
2	
4	
2	
3	
1	
3	
5	
1	
2	
3	
0	
3	
3	
4	
2	
1	
2	
3	
7	
2	
2	
3	
5	
3	
0	
6	
2	
2	
0	
4	
1	
2	
4	
3	
3	
0	
7	
5	
3	
1	
5	
1	
3	
1	
2	
0	
2	
2	
1	
0	
2	
4	
3	
4	
1	
3	
5	
3	
5	
1	
3	
4	
1	
3	
2	
2	
3	
0	
2	
1	
2	
2	
0	
4	
0	
3	
1	
3	
1	
3	
5	
4	
0	
3	
1	
1	
4	
1	
0	
1	
0	
0	
3	
0	
2	
0	
3	
0	
3	
2	
2	
1	
1	
2	
0	
4	
2	
2	
0	
3	
3	
1	
2	
4	
4	
2	
2	
4	
2	
4	
1	
2	
3	
2	
3	
4	
1	
1	
2	
3	
2	
2	
2	
1	
0	
1	
4	
2	
2	
1	
3	
2	
1	
4	
0	
1	
1	
2	
1	
2	
2	
1	
2	
0	
1	
2	
1	
1	
1	
3	
1	
1	
1	
0	
1	
1	
1	
1	
2	
0	
3	
2	
3	
1	
1	
3	
1	
1	
1	
0	
1	
2	
3	
3	
1	
1	
3	
0	
2	
1	
3	
2	
1	
1	
0	
1	
1	
0	
1	
1	
2	
3	
1	
1	
0	
0	
1	
1	
0	
0	
0	
1	
0	
0	
0	
0	
2	
1	
0	
0	
2	
3	
0	
2	
2	
0	
2	
0	
0	
3	
1	
3	
1	
2	
2	
3	
0	
2	
2	
0	
2	
3	
2	
0	
2	
0	
1	
1	
1	
1	
1	
1	
0	
0	
3	
4	
1	
0	
1	
1	
2	
3	
2	
1	
2	
0	
3	
0	
3	
1	
0	
2	
1	
1	
0	
1	
0	
0	
1	
0	
1	
2	
1	
0	
1	
0	
2	
1	
1	
0	
1	
0	
2	
4	
0	
2	
1	
2	
0	
1	
0	
1	
0	
2	
2	
2	
0	
0	
0	
1	
0	
0	
0	
0	
3	
2	
0	
1	
1	
3	
4	
1	
0	
1	
0	
1	
1	
3	
2	
0	
2	
3	
2	
1	
1	
2	
0	
0	
1	
3	
0	
1	
0	
0	
3	
0	
0	
1	
1	
0	
0	
0	
0	
3	
1	
1	
4	
2	
0	
1	
2	
0	
2	
0	
0	
1	
2	
3	
2	
0	
0	
0	
1	
1	
2	
1	
0	
2	
1	
0	
2	
1	
1	
1	
0	
1	
4	
0	
1	
0	
3	
3	
0	
1	
0	
1	
0	
1	
0	
0	
0	
0	
0	
0	
1	
1	
1	
1	
0	
0	
1	
2	
1	
1	
1	
0	
1	
1	
0	
1	
2	
2	
0	
0	
1	
1	
0	
2	
1	
1	
1	
1	
0	
2	
0	
0	
0	
2	
1	
2	
0	
0	
1	
0	
0	
0	
0	
2	
1	
0	
0	
3	
2	
1	
1	
0	
2	
1	
0	
1	
1	
0	
0	
1	
1	
0	
0	
0	
0	
2	
1	
0	
1	
0	
1	
0	
0	
1	
1	
0	
0	
0	
2	
0	
0	
0	
2	
2	
2	
3	
1	
0	
0	
0	
1	
1	
0	
0	
2	
2	
0	
0	
1	
1	
0	
1	
0	
1	
1	
1	
1	
1	
1	
0	
0	
1	
1	
1	
0	
0	
1	
2	
1	
2	
0	
0	
0	
0	
0	
1	
1	
3	
0	
1	
0	
0	
0	
1	
2	
0	
0	
0	
1	
2	
0	
2	
0	
0	
0	
2	
0	
0	
0	
1	
0	
0	
0	
0	
0	
0	
0	
0	
1	
2	
1	
0	
0	
0	
2	
0	
0	
1	
0	
1	
2	
1	
1	
0	
0	
1	
0	
0	
0	
0	
0	
0	
0	
2	
1	
0	
2	
0	
0	
1	
0	
0	
0	
0	
0	
0	
2	
1	
2	
0	
0	
0	
0	
0	
2	
1	
0	
0	
1	
0	
1	
0	
0	
2	
1	
0	
0	
0	
0	
0	
0	
1	
0	
0	
1	
0	
0	
1	
0	
1	
0	
0	
0	
0	
0	
0	
0	
1	
1	
0	
1	
1	
0	
0	
0	
1	
2	
0	
0	
0	
0	
0	
0	
0	
0	
1	
0	
0	
1	
0	
0	
0	
0	
1	
0	
0	
1	
1	
1	
0	
0	
0	
1	
0	
1	
0	
1	
0	
0	
0	
0	
0	
1	
0	
1	
1	
0	
0	
0	
0	
0	
0	
0	
0	
0	
2	
1	
0	
0	
0	
0	
1	
0	
2	
0	
0	
1	
0	
0	
0	
0	
0	
0	
1	
0	
0	
1	
0	
0	
0	
0	
0	
0	
0	
1	
0	
1	
0	
1	
0	
1	
1	
0	
0	
0	
0	
1	
0	
0	
0	
0	
0	
0	
0	
0	
0	
0	
0	
0	
0	
0	
0	
0	
1	
0	
0	
0	
0	
0	
0	
0	
0	
0	
0	
0	
1	
0	
0	
1	
0	
0	
0	
1	
0	
0	
0	
0	
0	
0	
0	
0	
0	
1	
0	
0	
0	
0	
0	
0	
0	
0	
0	
0	
1	
0	
0	
0	
1	
0	
0	
0	
0	
1	
0	
1	
0	
1	
1	
0	
0	
1	
0	
0	
0	
0	
0	
0	
1	
0	
1	
0	
1	
1	
0	
1	
0	
0	
0	
0	
0	
1	
0	
0	
0	
0	
0	
0	
2	
1	
0	
0	
0	
0	
1	
0	
0	
1	
0	
0	
0	
0	
2	
0	
0	
1	
0	
0	
0	
0	
0	
0	
0	
1	
1	
0	
0	
0	
1	
0	
0	
0	
0	
0	
0	
0	
0	
0	
0	
0	
1	
0	
0	
0	
0	
0	
0	
0	
0	
0	
0	
1	
0	
0	
1	
0	
0	
1	
0	
0	
1	
0	
1	
2	
0	
1	
0	
0	
0	
0	
1	
0	
0	
0	
0	
1	
3	
0	
0	
0	
0	
0	
1	
0	
1	
0	
1	
0	
0	
1	
0	
0	
0	
0	
1	
0	
0	
0	
1	
0	
0	
0	
0	
0	
1	
0	
0	
1	
0	
0	
0	
2	
1	
0	
0	
1	
0	
0	
1	
0	
0	
0	
0	
0	
0	
0	
1	
0	
0	
0	
0	
0	
1	
0	
0	
0	
0	
0	
0	
0	
0	
0	
0	
0	
0	
0	
2	
0	
0	
0	
0	
1	
1	
0	
1	
0	
0	
1	
0	
0	
1	
0	
0	
0	
1	
1	
1	
0	
0	
0	
1	
0	
0	
0	
0	
0	
0	
0	
0	
0	
0	
1	
0	
0	
1	
1	
1	
0	
0	
2	
0	
1	
0	
0	
0	
0	
0	
0	
0	
0	
0	
0	
0	
0	
0	
0	
0	
0	
0	
0	
1	
0	
0	
0	
0	
0	
0	
0	
0	
2	
0	
0	
0	
0	
0	
0	
0	
0	
1	
0	
0	
1	
0	
0	
0	
0	
0	
0	
1	
0	
0	
0	
0	
0	
0	
0	
0	
1	
0	
0	
0	
0	
1	
2	
1	
0	
1	
0	
0	
0	
0	
0	
0	
1	
0	
0	
0	
0	
0	
0	
1	
0	
0	
0	
0	
0	
0	
0	
1	
0	
0	
0	
1	
0	
0	
0	
0	
0	
1	
0	
0	
0	
0	
0	
0	
0	
0	
1	
1	
0	
0	
0	
0	
0	
0	
0	
0	
0	
0	
0	
0	
0	
0	
0	
1	
0	
0	
0	
1	
0	
0	
0	
0	
0	
0	
0	
0	
1	
0	
1	
0	
0	
0	
1	
0	
0	
1	
0	
1	
0	
0	
0	
0	
0	
0	
0	
0	
0	
0	
0	
0	
0	
1	
0	
0	
0	
0	
0	
0	
0	
1	
0	
0	
0	
0	
0	
0	
0	
0	
0	
0	
0	
0	
0	
0	
0	
0	
0	
1	
0	
0	
0	
0	
0	
0	
0	
0	
0	
0	
0	
0	
1	
0	
0	
0	
0	
0	
0	
0	
0	
0	
0	
0	
0	
0	
0	
0	
0	
0	
0	
0	
1	
0	
0	
0	
0	
0	
0	
0	
0	
0	
1	
0	
0	
0	
0	
0	
0	
0	
0	
0	
0	
0	
0	
0	
0	
0	
0	
0	
0	
1	
0	
1	
0	
0	
0	
0	
0	
0	
0	
0	
0	
0	
0	
0	
0	
0	
0	
0	
1	
0	
0	
0	
0	
0	
0	
0	
0	
1	
0	
0	
0	
0	
0	
0	
0	
1	
0	
0	
0	
0	
0	
0	
0	
1	
0	
0	
0	
1	
0	
0	
1	
0	
0	
0	
0	
1	
0	
0	
0	
0	
0	
0	
0	
0	
0	
0	
0	
0	
0	
0	
0	
0	
0	
1	
0	
0	
0	
0	
0	
0	
0	
0	
0	
0	
0	
0	
0	
1	
1	
0	
0	
0	
0	
0	
0	
0	
0	
0	
0	
0	
0	
0	
0	
0	
0	
0	
0	
0	
0	
0	
1	
0	
0	
0	
0	
0	
1	
1	
0	
0	
0	
0	
1	
0	
0	
0	
1	
0	
0	
0	
0	
0	
0	
0	
0	
0	
0	
0	
0	
0	
0	
0	
0	
0	
0	
0	
0	
0	
0	
1	
0	
0	
0	
0	
1	
1	
1	
0	
0	
0	
1	
0	
1	
1	
0	
0	
0	
0	
0	
0	
1	
0	
0	
0	
0	
0	
0	
0	
0	
1	
0	
0	
0	
1	
0	
0	
0	
0	
1	
0	
0	
0	
0	
0	
0	
1	
0	
0	
0	
0	
0	
0	
0	
0	
0	
0	
0	
0	
0	
0	
0	
0	
0	
0	
0	
0	
0	
0	
0	
0	
0	
0	
0	
0	
0	
0	
0	
0	
0	
1	
0	
0	
0	
0	
1	
0	
0	
0	
0	
0	
0	
1	
1	
0	
0	
0	
0	
0	
0	
0	
0	
0	
0	
0	
0	
0	
0	
0	
0	
0	
0	
0	
1	
0	
0	
0	
0	
0	
0	
0	
1	
0	
0	
0	
0	
0	
0	
0	
0	
0	
0	
0	
0	
1	
0	
0	
0	
0	
0	
0	
0	
0	
0	
0	
0	
0	
0	
0	
0	
0	
0	
0	
0	
0	
0	
0	
1	
0	
0	
0	
0	
0	
0	
1	
0	
0	
0	
0	
0	
0	
0	
0	
0	
1	
0	
1	
0	
0	
0	
0	
0	
0	
1	
0	
0	
0	
0	
0	
0	
0	
0	
0	
0	
0	
0	
0	
0	
0	
0	
0	
0	
0	
0	
0	
0	
0	
0	
0	
0	
1	
0	
0	
0	
0	
0	
0	
0	
