#PicoHarp 300  Histogram Data			15/04/2023 01:57:34 PM
#channels per curve
3375
#display curve no.
0	
#memory block no.
0	
#ns/channel
0.0160	
#counts
0	
0	
0	
0	
0	
0	
0	
0	
0	
0	
0	
0	
0	
0	
0	
1	
0	
0	
0	
0	
0	
0	
0	
1	
2	
0	
0	
0	
0	
0	
0	
0	
0	
0	
0	
0	
0	
0	
0	
0	
0	
0	
0	
0	
0	
0	
0	
0	
0	
0	
0	
0	
0	
0	
0	
0	
0	
0	
0	
0	
0	
0	
0	
0	
0	
0	
0	
0	
0	
0	
0	
0	
2	
0	
0	
0	
0	
0	
0	
0	
0	
0	
0	
0	
0	
0	
0	
0	
0	
0	
0	
0	
0	
0	
0	
0	
0	
1	
0	
0	
0	
0	
0	
0	
0	
0	
0	
0	
0	
0	
0	
0	
0	
0	
0	
0	
0	
0	
0	
0	
0	
0	
0	
0	
0	
0	
0	
0	
0	
0	
0	
0	
0	
0	
0	
0	
0	
0	
0	
0	
0	
0	
0	
0	
0	
0	
0	
0	
0	
1	
0	
0	
0	
0	
0	
0	
1	
0	
0	
0	
0	
0	
0	
0	
0	
0	
0	
0	
0	
0	
0	
0	
0	
1	
0	
0	
0	
0	
0	
0	
0	
0	
0	
0	
0	
0	
0	
1	
0	
0	
0	
0	
0	
0	
0	
0	
0	
0	
0	
0	
0	
0	
0	
0	
0	
0	
0	
0	
0	
0	
0	
0	
0	
0	
0	
0	
0	
0	
0	
0	
0	
0	
0	
0	
0	
0	
0	
0	
0	
0	
0	
0	
0	
0	
0	
0	
0	
0	
0	
0	
0	
0	
0	
0	
0	
0	
0	
0	
0	
0	
0	
0	
0	
0	
0	
1	
0	
0	
0	
0	
0	
0	
0	
0	
1	
0	
0	
0	
0	
0	
0	
0	
0	
1	
0	
0	
0	
0	
0	
0	
0	
0	
0	
0	
0	
0	
0	
0	
0	
0	
0	
0	
1	
0	
0	
0	
0	
1	
0	
0	
0	
0	
0	
1	
0	
0	
0	
0	
0	
0	
0	
0	
0	
0	
0	
0	
0	
0	
0	
0	
0	
0	
0	
0	
0	
0	
0	
0	
0	
0	
0	
0	
0	
0	
0	
0	
0	
0	
1	
0	
0	
0	
0	
0	
0	
0	
0	
0	
0	
0	
1	
0	
1	
0	
0	
0	
0	
0	
0	
0	
0	
0	
0	
0	
0	
0	
0	
0	
1	
0	
0	
0	
0	
0	
0	
0	
0	
0	
0	
0	
0	
0	
0	
0	
0	
0	
0	
0	
0	
0	
0	
0	
0	
0	
0	
0	
1	
0	
1	
0	
2	
0	
0	
1	
0	
0	
0	
0	
0	
0	
0	
0	
0	
1	
0	
1	
0	
0	
1	
0	
0	
0	
0	
0	
0	
0	
1	
0	
0	
0	
0	
0	
1	
0	
0	
0	
0	
0	
0	
0	
0	
0	
0	
0	
0	
0	
0	
0	
0	
0	
0	
0	
0	
0	
0	
0	
1	
0	
0	
0	
0	
0	
0	
0	
0	
0	
0	
0	
0	
0	
0	
1	
0	
0	
0	
0	
0	
0	
0	
1	
0	
0	
0	
0	
0	
0	
0	
0	
0	
0	
0	
0	
0	
0	
0	
0	
0	
0	
1	
0	
0	
2	
0	
1	
0	
0	
0	
0	
0	
1	
1	
0	
0	
0	
0	
1	
0	
0	
0	
0	
0	
1	
0	
0	
0	
0	
1	
0	
0	
0	
0	
0	
0	
1	
1	
0	
0	
0	
1	
0	
1	
0	
0	
0	
0	
0	
0	
0	
0	
0	
0	
0	
0	
1	
0	
0	
1	
0	
0	
1	
0	
0	
0	
2	
0	
1	
0	
0	
0	
1	
0	
0	
0	
0	
0	
1	
0	
0	
0	
0	
0	
0	
0	
0	
0	
0	
0	
1	
0	
0	
0	
1	
0	
0	
0	
0	
0	
0	
0	
0	
0	
0	
0	
0	
0	
0	
0	
1	
0	
0	
0	
0	
1	
0	
0	
0	
0	
0	
0	
0	
0	
2	
0	
0	
0	
0	
0	
0	
0	
0	
0	
0	
0	
0	
0	
2	
0	
0	
0	
0	
1	
1	
0	
0	
0	
0	
0	
0	
1	
0	
0	
0	
0	
3	
3	
2	
4	
4	
5	
4	
6	
3	
2	
2	
2	
4	
1	
1	
3	
0	
0	
0	
0	
3	
0	
3	
0	
1	
2	
0	
2	
0	
0	
0	
0	
1	
1	
0	
0	
0	
0	
0	
0	
2	
0	
1	
0	
0	
0	
0	
2	
0	
2	
3	
5	
17	
10	
15	
18	
25	
29	
36	
20	
14	
6	
4	
5	
0	
0	
1	
3	
2	
0	
1	
1	
0	
1	
0	
0	
0	
1	
0	
2	
0	
1	
1	
0	
2	
2	
1	
0	
1	
1	
0	
0	
0	
1	
0	
0	
0	
0	
0	
0	
0	
0	
0	
0	
0	
0	
0	
0	
0	
0	
0	
0	
0	
1	
0	
0	
0	
0	
0	
1	
0	
0	
0	
0	
0	
0	
0	
0	
0	
0	
1	
0	
0	
0	
0	
1	
0	
0	
0	
0	
0	
0	
0	
0	
1	
0	
1	
0	
0	
0	
0	
0	
0	
0	
0	
0	
2	
0	
0	
1	
0	
0	
0	
0	
1	
0	
0	
0	
0	
0	
0	
0	
0	
0	
8	
36	
113	
347	
782	
1379	
2297	
3231	
4378	
5711	
6830	
8054	
8620	
9175	
9543	
9801	
9704	
9934	
9858	
9720	
9989	
9787	
10000	
9707	
9627	
9513	
9514	
9691	
9363	
9433	
9190	
9241	
9089	
9379	
9103	
9308	
9127	
9035	
8930	
9019	
8980	
8779	
8868	
8837	
8628	
8621	
8686	
8429	
8266	
8327	
8257	
8158	
8105	
8195	
8029	
8003	
7929	
7945	
7775	
7947	
7710	
7821	
7583	
7838	
7565	
7559	
7458	
7394	
7296	
7215	
7168	
7150	
7060	
6948	
7208	
6873	
6879	
6815	
6685	
6824	
6610	
6684	
6553	
6668	
6503	
6499	
6463	
6390	
6311	
6230	
6129	
6244	
6065	
5993	
6003	
6120	
5908	
5967	
5845	
5972	
5962	
5807	
5700	
5729	
5815	
5682	
5586	
5470	
5449	
5677	
5496	
5465	
5446	
5415	
5358	
5315	
5260	
5157	
5096	
5072	
5056	
5059	
4951	
4995	
4900	
4784	
4919	
4867	
4842	
4691	
4714	
4623	
4504	
4656	
4610	
4575	
4556	
4629	
4620	
4286	
4293	
4311	
4177	
4394	
4399	
4270	
4073	
4248	
4159	
4078	
3996	
3984	
3980	
3939	
4027	
3823	
3857	
3871	
3897	
3835	
3768	
3732	
3777	
3689	
3599	
3795	
3656	
3583	
3538	
3628	
3578	
3540	
3446	
3342	
3464	
3455	
3485	
3429	
3428	
3472	
3257	
3315	
3201	
3298	
3179	
3212	
3291	
3165	
3109	
3109	
3032	
3131	
3164	
3085	
3039	
2988	
2983	
2859	
2849	
3002	
2846	
2900	
2787	
2836	
2848	
2769	
2789	
2750	
2788	
2708	
2722	
2673	
2658	
2692	
2732	
2654	
2680	
2457	
2628	
2618	
2479	
2483	
2414	
2623	
2357	
2430	
2396	
2404	
2423	
2338	
2397	
2308	
2336	
2379	
2357	
2298	
2378	
2253	
2257	
2209	
2200	
2258	
2223	
2201	
2079	
2113	
2164	
2009	
1984	
2102	
2101	
2038	
2055	
2007	
1963	
1962	
1979	
1923	
1951	
2006	
1900	
1993	
1889	
1954	
1908	
1819	
1843	
1838	
1824	
1726	
1852	
1689	
1850	
1823	
1682	
1735	
1655	
1771	
1674	
1715	
1626	
1684	
1682	
1740	
1709	
1653	
1664	
1616	
1638	
1558	
1544	
1561	
1587	
1549	
1604	
1547	
1556	
1576	
1553	
1498	
1481	
1482	
1474	
1470	
1467	
1448	
1450	
1436	
1367	
1351	
1400	
1393	
1370	
1337	
1376	
1318	
1315	
1277	
1340	
1301	
1302	
1267	
1281	
1227	
1274	
1217	
1222	
1232	
1236	
1276	
1184	
1215	
1223	
1252	
1203	
1198	
1181	
1188	
1100	
1137	
1163	
1102	
1092	
1072	
1069	
1138	
1059	
1056	
1070	
1074	
1050	
1033	
1034	
1038	
1059	
1006	
998	
1058	
994	
967	
1029	
943	
1008	
1000	
951	
920	
907	
950	
1013	
917	
880	
944	
938	
895	
929	
886	
848	
839	
891	
913	
871	
858	
879	
856	
867	
883	
871	
787	
819	
808	
808	
801	
782	
807	
767	
787	
806	
812	
761	
781	
771	
756	
708	
752	
809	
732	
692	
686	
730	
718	
766	
730	
712	
676	
667	
691	
739	
641	
626	
690	
659	
696	
667	
644	
673	
609	
625	
656	
628	
638	
630	
611	
602	
627	
628	
615	
599	
603	
509	
591	
559	
595	
600	
544	
600	
558	
571	
565	
582	
543	
506	
590	
511	
538	
502	
486	
541	
503	
464	
498	
521	
521	
453	
483	
518	
463	
479	
515	
498	
480	
491	
439	
462	
449	
473	
460	
478	
434	
428	
485	
457	
440	
445	
464	
433	
452	
421	
433	
425	
425	
419	
416	
455	
384	
412	
405	
423	
393	
432	
386	
381	
394	
395	
387	
405	
401	
356	
368	
394	
388	
379	
350	
380	
356	
355	
382	
371	
350	
354	
330	
358	
336	
344	
314	
326	
320	
321	
334	
345	
319	
330	
319	
319	
337	
340	
357	
307	
323	
329	
311	
284	
281	
283	
287	
296	
291	
289	
281	
255	
292	
280	
277	
286	
302	
288	
288	
290	
241	
276	
241	
273	
257	
273	
251	
239	
282	
286	
263	
261	
255	
251	
219	
251	
237	
238	
224	
242	
231	
222	
234	
230	
239	
237	
236	
236	
229	
221	
205	
217	
218	
220	
227	
203	
222	
220	
203	
193	
204	
204	
216	
212	
183	
213	
191	
201	
167	
210	
191	
196	
171	
186	
191	
181	
186	
183	
214	
184	
187	
194	
188	
180	
173	
176	
168	
164	
188	
171	
172	
176	
180	
170	
140	
153	
163	
159	
165	
170	
154	
162	
182	
161	
172	
142	
164	
139	
177	
163	
142	
152	
145	
154	
169	
132	
141	
142	
127	
147	
137	
147	
131	
141	
118	
151	
129	
127	
124	
138	
126	
125	
135	
134	
141	
139	
130	
134	
134	
121	
113	
107	
138	
116	
134	
131	
130	
133	
102	
116	
105	
128	
132	
101	
116	
115	
135	
112	
112	
114	
113	
109	
105	
122	
100	
105	
95	
101	
98	
112	
101	
105	
116	
104	
98	
98	
103	
86	
104	
85	
71	
98	
112	
86	
99	
80	
93	
88	
97	
83	
97	
88	
97	
103	
75	
98	
84	
80	
87	
92	
80	
71	
102	
90	
88	
80	
80	
71	
86	
88	
75	
95	
79	
87	
92	
76	
83	
84	
77	
80	
88	
70	
62	
64	
67	
77	
71	
79	
74	
73	
54	
61	
79	
73	
69	
73	
53	
75	
63	
55	
66	
55	
68	
60	
71	
50	
61	
58	
54	
60	
64	
78	
67	
60	
60	
61	
59	
56	
54	
56	
68	
54	
50	
61	
46	
58	
41	
57	
60	
50	
49	
55	
48	
46	
55	
37	
52	
61	
58	
49	
49	
45	
39	
54	
57	
55	
50	
43	
51	
47	
61	
43	
39	
32	
41	
37	
50	
39	
43	
40	
50	
44	
45	
36	
32	
33	
48	
37	
36	
43	
46	
43	
33	
40	
40	
30	
38	
37	
42	
50	
40	
41	
28	
26	
24	
41	
32	
39	
36	
25	
44	
20	
32	
33	
29	
27	
38	
42	
41	
35	
29	
33	
31	
32	
35	
32	
27	
22	
36	
22	
26	
34	
29	
27	
26	
32	
32	
36	
27	
28	
31	
25	
35	
32	
33	
34	
34	
20	
25	
22	
32	
34	
19	
22	
38	
28	
31	
26	
22	
34	
26	
22	
37	
26	
25	
15	
24	
21	
22	
28	
25	
24	
28	
26	
29	
22	
20	
29	
21	
19	
21	
15	
19	
18	
18	
23	
24	
20	
24	
22	
21	
20	
19	
25	
27	
21	
17	
26	
12	
21	
19	
16	
14	
27	
13	
21	
22	
17	
14	
24	
10	
15	
22	
16	
20	
13	
17	
20	
20	
21	
19	
21	
13	
18	
20	
11	
11	
13	
23	
22	
11	
13	
14	
15	
16	
16	
20	
20	
14	
19	
10	
22	
16	
18	
17	
20	
14	
12	
14	
14	
19	
10	
10	
14	
17	
12	
17	
14	
12	
17	
10	
17	
14	
18	
15	
16	
9	
12	
14	
10	
19	
11	
18	
16	
11	
8	
11	
9	
14	
9	
7	
6	
6	
12	
9	
8	
14	
10	
11	
13	
9	
11	
15	
15	
12	
13	
10	
10	
10	
14	
10	
13	
9	
7	
7	
6	
16	
13	
14	
12	
8	
13	
9	
7	
16	
15	
6	
12	
7	
12	
9	
9	
13	
17	
15	
9	
13	
8	
8	
8	
5	
7	
3	
10	
10	
9	
8	
6	
8	
7	
5	
10	
13	
8	
8	
8	
6	
16	
8	
8	
6	
4	
4	
3	
5	
8	
12	
6	
8	
10	
6	
5	
4	
7	
8	
11	
9	
5	
11	
4	
4	
7	
9	
10	
9	
3	
12	
3	
9	
7	
6	
10	
8	
3	
7	
4	
4	
2	
6	
0	
6	
10	
7	
5	
8	
9	
4	
5	
1	
5	
7	
5	
5	
2	
7	
6	
8	
7	
6	
7	
3	
3	
5	
4	
4	
5	
5	
6	
5	
5	
5	
7	
7	
3	
5	
3	
7	
6	
4	
4	
6	
4	
5	
6	
7	
9	
4	
3	
6	
4	
5	
4	
12	
6	
2	
4	
7	
3	
5	
8	
7	
3	
2	
7	
3	
6	
5	
3	
5	
5	
1	
5	
4	
10	
4	
5	
2	
6	
5	
4	
6	
1	
1	
2	
2	
2	
4	
1	
4	
2	
6	
2	
6	
2	
4	
4	
5	
3	
5	
4	
2	
0	
2	
7	
7	
4	
2	
4	
2	
2	
5	
2	
5	
1	
1	
3	
4	
1	
2	
2	
6	
3	
6	
4	
3	
1	
0	
2	
4	
4	
3	
5	
1	
4	
2	
3	
2	
4	
2	
6	
1	
4	
3	
7	
2	
1	
6	
7	
0	
2	
3	
1	
1	
1	
5	
0	
1	
4	
2	
3	
0	
3	
5	
3	
3	
3	
2	
1	
3	
1	
1	
2	
4	
2	
2	
2	
0	
0	
2	
3	
0	
5	
3	
3	
1	
6	
1	
0	
1	
1	
4	
2	
3	
2	
2	
2	
1	
1	
1	
2	
2	
2	
1	
1	
3	
1	
2	
2	
3	
2	
2	
0	
1	
2	
3	
5	
2	
1	
0	
0	
0	
2	
0	
2	
2	
3	
2	
2	
4	
1	
1	
2	
0	
1	
1	
1	
2	
3	
1	
1	
3	
3	
2	
0	
1	
3	
1	
1	
0	
2	
1	
1	
1	
0	
2	
3	
0	
2	
2	
1	
2	
0	
3	
1	
1	
2	
1	
2	
1	
0	
2	
2	
3	
1	
2	
3	
1	
0	
3	
6	
2	
1	
2	
3	
1	
0	
1	
1	
0	
0	
0	
1	
1	
1	
0	
0	
0	
2	
2	
0	
0	
0	
1	
1	
1	
1	
0	
1	
0	
2	
2	
0	
1	
1	
1	
0	
0	
2	
1	
0	
0	
1	
2	
1	
0	
0	
0	
0	
0	
0	
1	
1	
3	
2	
0	
1	
0	
0	
0	
2	
0	
2	
4	
4	
0	
0	
0	
1	
1	
0	
1	
2	
0	
1	
1	
3	
0	
2	
1	
0	
1	
0	
1	
1	
0	
0	
2	
1	
1	
0	
0	
2	
0	
1	
1	
0	
0	
1	
0	
0	
0	
0	
1	
0	
1	
3	
0	
2	
1	
0	
0	
2	
0	
0	
0	
1	
0	
0	
0	
1	
1	
1	
0	
2	
0	
0	
0	
2	
0	
1	
0	
0	
0	
1	
0	
1	
2	
1	
1	
0	
1	
0	
0	
0	
0	
0	
1	
1	
1	
0	
0	
2	
0	
0	
0	
1	
0	
1	
0	
1	
0	
0	
0	
0	
0	
0	
0	
0	
0	
2	
1	
1	
2	
0	
1	
1	
0	
0	
0	
2	
1	
0	
1	
1	
0	
1	
2	
1	
0	
0	
0	
1	
1	
1	
0	
0	
1	
1	
1	
0	
0	
0	
0	
1	
0	
0	
0	
0	
1	
0	
1	
0	
1	
0	
1	
0	
0	
0	
0	
0	
0	
0	
1	
0	
0	
0	
0	
0	
0	
0	
0	
1	
0	
0	
0	
2	
0	
0	
0	
0	
0	
0	
0	
2	
0	
0	
0	
0	
0	
0	
0	
0	
0	
0	
0	
0	
0	
0	
0	
0	
1	
0	
0	
0	
0	
1	
0	
0	
0	
0	
0	
0	
0	
0	
1	
0	
0	
0	
0	
0	
3	
0	
0	
1	
0	
0	
0	
0	
2	
0	
0	
1	
2	
0	
0	
0	
1	
0	
1	
0	
0	
0	
0	
0	
0	
0	
0	
1	
0	
0	
0	
0	
0	
0	
0	
0	
1	
0	
0	
0	
0	
2	
0	
1	
0	
0	
0	
0	
0	
0	
0	
0	
0	
0	
0	
0	
0	
0	
0	
0	
1	
0	
0	
0	
0	
0	
0	
0	
0	
0	
0	
1	
1	
0	
0	
0	
0	
0	
0	
1	
0	
0	
0	
0	
0	
0	
0	
0	
0	
1	
0	
0	
0	
0	
0	
1	
0	
0	
0	
0	
0	
0	
0	
0	
0	
0	
0	
0	
0	
0	
0	
0	
0	
0	
0	
0	
0	
0	
0	
0	
0	
0	
1	
0	
0	
0	
0	
0	
0	
0	
0	
0	
0	
0	
0	
0	
0	
0	
0	
1	
0	
0	
0	
0	
0	
0	
0	
0	
0	
0	
0	
0	
0	
0	
0	
0	
0	
0	
0	
0	
0	
0	
1	
0	
1	
0	
0	
0	
0	
0	
0	
0	
0	
0	
0	
0	
0	
0	
1	
0	
0	
0	
0	
0	
0	
1	
0	
0	
0	
0	
0	
0	
0	
1	
0	
1	
0	
0	
0	
0	
0	
0	
0	
0	
0	
0	
0	
0	
0	
0	
0	
1	
0	
0	
0	
2	
1	
0	
1	
1	
0	
0	
0	
0	
0	
0	
0	
0	
0	
0	
0	
0	
0	
0	
0	
0	
0	
0	
0	
0	
0	
0	
0	
1	
1	
0	
0	
0	
0	
0	
1	
0	
0	
1	
0	
0	
0	
0	
0	
0	
0	
0	
2	
0	
1	
0	
1	
0	
0	
1	
0	
0	
0	
0	
0	
0	
0	
0	
0	
1	
0	
0	
0	
0	
0	
0	
0	
0	
0	
0	
0	
1	
0	
0	
0	
0	
0	
0	
0	
0	
1	
0	
0	
0	
0	
0	
0	
0	
0	
0	
0	
0	
0	
0	
0	
0	
0	
0	
0	
0	
0	
0	
0	
0	
0	
0	
1	
0	
0	
0	
0	
0	
0	
0	
0	
0	
0	
0	
0	
0	
0	
0	
1	
0	
0	
0	
0	
0	
0	
0	
0	
0	
0	
0	
0	
0	
0	
0	
0	
0	
1	
0	
0	
0	
0	
0	
0	
0	
0	
0	
0	
0	
0	
0	
0	
0	
0	
0	
0	
0	
1	
0	
0	
0	
0	
0	
0	
0	
0	
0	
0	
0	
0	
0	
0	
0	
0	
0	
0	
0	
0	
0	
0	
0	
0	
0	
0	
0	
1	
0	
0	
0	
0	
0	
0	
0	
0	
0	
0	
0	
0	
0	
0	
0	
0	
1	
0	
0	
0	
0	
0	
0	
0	
0	
0	
0	
0	
0	
0	
0	
0	
0	
0	
0	
0	
0	
0	
0	
0	
0	
0	
0	
0	
0	
0	
0	
0	
0	
0	
0	
0	
0	
0	
0	
0	
0	
1	
0	
0	
0	
0	
0	
0	
0	
0	
0	
1	
0	
0	
0	
0	
0	
0	
0	
0	
0	
0	
0	
0	
0	
0	
0	
0	
0	
0	
0	
0	
0	
0	
0	
0	
0	
0	
0	
0	
0	
0	
0	
0	
0	
1	
0	
0	
2	
0	
0	
0	
0	
0	
0	
0	
0	
0	
0	
0	
1	
0	
0	
0	
0	
0	
0	
0	
0	
1	
0	
0	
0	
0	
0	
0	
0	
0	
0	
0	
0	
1	
0	
0	
0	
1	
0	
0	
0	
1	
1	
0	
0	
0	
0	
0	
0	
0	
0	
0	
0	
0	
0	
0	
0	
0	
0	
0	
0	
0	
0	
0	
0	
0	
0	
0	
1	
1	
0	
0	
0	
0	
0	
0	
0	
0	
0	
0	
0	
0	
0	
1	
0	
0	
0	
1	
1	
0	
0	
0	
0	
0	
0	
0	
0	
0	
0	
0	
0	
0	
0	
0	
0	
0	
1	
0	
0	
0	
0	
0	
0	
0	
1	
0	
0	
0	
0	
0	
0	
0	
1	
0	
0	
0	
0	
0	
0	
0	
0	
0	
0	
0	
0	
0	
0	
0	
0	
0	
0	
0	
0	
0	
0	
0	
0	
0	
0	
0	
0	
0	
0	
0	
0	
0	
0	
0	
0	
0	
0	
0	
0	
0	
0	
0	
0	
0	
0	
0	
0	
0	
0	
0	
0	
0	
0	
0	
1	
0	
0	
0	
0	
0	
0	
0	
0	
0	
0	
0	
1	
0	
0	
0	
0	
0	
0	
0	
0	
0	
0	
0	
1	
0	
1	
0	
0	
0	
0	
0	
1	
0	
0	
0	
0	
0	
0	
0	
0	
0	
0	
0	
0	
0	
1	
1	
1	
0	
0	
0	
0	
0	
0	
0	
0	
0	
0	
0	
0	
1	
0	
0	
0	
0	
0	
0	
0	
0	
0	
0	
0	
0	
1	
0	
0	
0	
0	
0	
0	
0	
0	
0	
0	
0	
0	
0	
0	
0	
0	
0	
0	
0	
0	
0	
0	
1	
0	
0	
0	
0	
0	
0	
0	
0	
0	
0	
0	
0	
0	
0	
1	
1	
0	
0	
0	
0	
0	
0	
0	
0	
0	
0	
0	
0	
0	
0	
0	
0	
0	
0	
1	
0	
0	
0	
0	
0	
0	
1	
0	
0	
0	
1	
0	
1	
0	
0	
0	
0	
