#PicoHarp 300  Histogram Data			18/12/2022 07:30:57 PM
#channels per curve
6250
#display curve no.
0	
#memory block no.
0	
#ns/channel
0.0160	
#counts
1	
0	
0	
0	
0	
0	
0	
0	
0	
0	
0	
0	
0	
0	
0	
0	
0	
0	
0	
0	
0	
0	
0	
0	
0	
0	
0	
0	
0	
0	
0	
0	
0	
0	
0	
0	
0	
0	
0	
0	
0	
0	
0	
0	
0	
0	
0	
0	
0	
0	
0	
0	
0	
0	
0	
0	
0	
0	
0	
0	
0	
0	
0	
0	
0	
0	
0	
0	
0	
0	
0	
0	
0	
0	
1	
0	
0	
0	
0	
0	
0	
1	
0	
1	
0	
0	
0	
0	
0	
0	
0	
0	
0	
0	
0	
0	
0	
0	
0	
1	
0	
0	
0	
0	
0	
0	
0	
0	
0	
0	
0	
0	
0	
0	
0	
0	
0	
0	
0	
0	
0	
0	
0	
0	
0	
0	
0	
0	
0	
0	
0	
0	
0	
0	
0	
0	
0	
0	
0	
0	
0	
0	
0	
0	
0	
0	
0	
0	
0	
0	
0	
1	
0	
0	
0	
0	
0	
0	
0	
0	
0	
0	
0	
0	
0	
0	
0	
0	
0	
0	
0	
0	
0	
0	
0	
0	
0	
0	
0	
0	
0	
0	
0	
0	
0	
0	
1	
0	
0	
1	
0	
0	
0	
0	
0	
0	
0	
0	
0	
0	
0	
0	
0	
0	
0	
0	
0	
0	
0	
0	
0	
0	
0	
0	
0	
0	
0	
0	
0	
0	
0	
0	
0	
0	
0	
0	
0	
0	
0	
0	
0	
0	
0	
0	
0	
0	
0	
0	
0	
0	
0	
0	
0	
0	
0	
0	
0	
0	
0	
0	
0	
0	
0	
0	
0	
0	
0	
0	
0	
0	
0	
0	
0	
0	
0	
0	
0	
0	
0	
0	
0	
0	
0	
0	
0	
0	
0	
0	
0	
0	
0	
0	
0	
0	
0	
0	
0	
0	
0	
0	
0	
0	
0	
0	
0	
0	
0	
0	
0	
0	
0	
1	
1	
0	
0	
0	
0	
0	
1	
0	
0	
0	
0	
0	
0	
0	
0	
0	
0	
0	
0	
0	
0	
0	
0	
0	
0	
0	
0	
0	
0	
0	
1	
0	
0	
0	
0	
0	
0	
0	
0	
0	
0	
0	
0	
0	
0	
0	
1	
0	
0	
0	
0	
0	
1	
0	
0	
0	
0	
0	
0	
0	
1	
0	
0	
0	
0	
0	
0	
0	
0	
0	
0	
0	
0	
0	
0	
0	
0	
0	
0	
0	
0	
0	
0	
0	
0	
0	
0	
0	
0	
0	
0	
0	
0	
0	
0	
0	
0	
0	
0	
0	
0	
0	
0	
0	
0	
0	
0	
0	
0	
0	
0	
0	
0	
0	
0	
0	
0	
0	
0	
0	
0	
0	
0	
0	
0	
0	
0	
0	
0	
0	
0	
0	
0	
0	
0	
0	
0	
0	
0	
0	
0	
0	
0	
0	
0	
0	
0	
0	
0	
0	
0	
0	
0	
0	
0	
0	
0	
0	
1	
0	
0	
0	
0	
0	
0	
0	
0	
0	
0	
0	
0	
0	
1	
0	
0	
0	
0	
0	
0	
0	
0	
0	
0	
0	
0	
1	
0	
0	
0	
0	
0	
0	
0	
0	
0	
0	
0	
0	
0	
0	
0	
0	
0	
0	
0	
0	
0	
0	
0	
0	
0	
0	
0	
0	
0	
1	
0	
0	
0	
0	
0	
0	
0	
0	
0	
0	
0	
0	
0	
0	
0	
0	
0	
0	
0	
0	
0	
0	
0	
0	
0	
0	
0	
0	
0	
0	
0	
0	
0	
0	
0	
0	
0	
0	
0	
0	
0	
0	
0	
0	
0	
0	
0	
0	
0	
0	
0	
0	
0	
0	
0	
0	
0	
0	
0	
0	
0	
0	
0	
0	
0	
0	
0	
0	
0	
0	
0	
0	
0	
0	
0	
0	
0	
0	
0	
0	
0	
0	
0	
0	
0	
0	
0	
0	
0	
0	
0	
0	
0	
0	
0	
0	
0	
0	
0	
0	
0	
0	
0	
0	
0	
0	
0	
0	
0	
0	
0	
0	
0	
0	
0	
0	
0	
0	
0	
0	
0	
0	
0	
0	
0	
0	
0	
0	
0	
0	
0	
0	
0	
0	
0	
0	
0	
0	
0	
0	
0	
0	
0	
0	
0	
0	
0	
0	
0	
0	
0	
0	
0	
0	
0	
0	
0	
0	
0	
0	
0	
0	
0	
0	
0	
0	
0	
0	
0	
0	
0	
0	
0	
0	
0	
0	
0	
1	
0	
0	
0	
0	
0	
0	
0	
0	
0	
0	
0	
0	
0	
0	
0	
0	
0	
0	
0	
0	
0	
0	
0	
0	
0	
0	
0	
1	
0	
0	
0	
0	
0	
0	
0	
0	
0	
0	
0	
0	
0	
0	
0	
0	
0	
0	
0	
0	
0	
0	
0	
0	
0	
0	
0	
0	
0	
0	
0	
0	
0	
0	
0	
0	
0	
0	
0	
0	
0	
0	
0	
0	
0	
0	
0	
0	
0	
0	
0	
0	
0	
0	
0	
0	
0	
0	
0	
0	
0	
0	
0	
0	
0	
0	
1	
0	
0	
0	
0	
0	
0	
0	
0	
0	
0	
0	
0	
0	
1	
3	
6	
8	
9	
10	
14	
9	
5	
3	
0	
1	
0	
0	
0	
0	
0	
0	
0	
0	
0	
1	
1	
4	
2	
1	
0	
1	
1	
1	
9	
59	
475	
1663	
3937	
6782	
9043	
10000	
9494	
7885	
6826	
6384	
6335	
6428	
6311	
6085	
6134	
6095	
5944	
6068	
6002	
5933	
6077	
6001	
6005	
5944	
5941	
5856	
5808	
5862	
5870	
5973	
5820	
5841	
5807	
5885	
5710	
5757	
5722	
5647	
5831	
5693	
5611	
5529	
5652	
5541	
5600	
5526	
5515	
5340	
5481	
5303	
5334	
5334	
5477	
5353	
5260	
5256	
5266	
5291	
5166	
5243	
5169	
5130	
5125	
5075	
5015	
5122	
5077	
4986	
4935	
4908	
4911	
4928	
4955	
4858	
4845	
4625	
4839	
4820	
4582	
4754	
4826	
4800	
4667	
4686	
4592	
4590	
4652	
4633	
4600	
4512	
4558	
4581	
4586	
4613	
4579	
4418	
4329	
4486	
4325	
4243	
4239	
4406	
4392	
4225	
4165	
4263	
4124	
4118	
4239	
4129	
4115	
4184	
4057	
4184	
4074	
4127	
4150	
3982	
3974	
3959	
3978	
4032	
3986	
3935	
3948	
3982	
3866	
3934	
3897	
3902	
3788	
3928	
3798	
3804	
3699	
3736	
3747	
3739	
3690	
3730	
3669	
3717	
3608	
3662	
3480	
3543	
3604	
3513	
3519	
3530	
3459	
3505	
3444	
3392	
3442	
3388	
3410	
3397	
3349	
3495	
3483	
3309	
3348	
3454	
3263	
3298	
3247	
3224	
3315	
3241	
3292	
3275	
3218	
3175	
3162	
3227	
3182	
3235	
3225	
3071	
3125	
3079	
2983	
3042	
3055	
3043	
3071	
2954	
3030	
3025	
3027	
2844	
2979	
2928	
2910	
2984	
2918	
2860	
2945	
2930	
2923	
2801	
2905	
2782	
2927	
2700	
2653	
2730	
2760	
2697	
2792	
2849	
2752	
2748	
2757	
2637	
2584	
2573	
2631	
2709	
2531	
2635	
2560	
2609	
2611	
2626	
2572	
2596	
2459	
2578	
2503	
2487	
2545	
2434	
2538	
2473	
2471	
2443	
2451	
2448	
2417	
2419	
2469	
2325	
2424	
2303	
2365	
2397	
2314	
2312	
2272	
2352	
2380	
2376	
2199	
2233	
2325	
2204	
2190	
2273	
2299	
2235	
2145	
2176	
2197	
2197	
2119	
2157	
2147	
2121	
2208	
2182	
2125	
2095	
2091	
2081	
2012	
1997	
2166	
2033	
2090	
1996	
2073	
1957	
2007	
1985	
2033	
2006	
2006	
2040	
1911	
1929	
1940	
1919	
1882	
1887	
1925	
1893	
1919	
1828	
1890	
1927	
1926	
1891	
1972	
1808	
1809	
1812	
1754	
1898	
1828	
1731	
1796	
1825	
1740	
1784	
1723	
1775	
1798	
1706	
1708	
1761	
1633	
1816	
1716	
1719	
1694	
1650	
1677	
1628	
1654	
1715	
1705	
1663	
1619	
1642	
1693	
1578	
1619	
1628	
1560	
1601	
1576	
1610	
1556	
1509	
1533	
1560	
1506	
1594	
1496	
1507	
1618	
1499	
1424	
1516	
1509	
1473	
1498	
1508	
1414	
1448	
1436	
1447	
1383	
1457	
1418	
1450	
1383	
1416	
1413	
1431	
1396	
1404	
1455	
1363	
1370	
1348	
1348	
1348	
1339	
1327	
1361	
1255	
1316	
1332	
1328	
1328	
1309	
1363	
1244	
1276	
1359	
1284	
1316	
1207	
1252	
1226	
1264	
1349	
1242	
1258	
1271	
1220	
1216	
1254	
1224	
1185	
1209	
1227	
1148	
1241	
1215	
1185	
1230	
1182	
1190	
1125	
1188	
1176	
1134	
1128	
1146	
1100	
1121	
1117	
1200	
1074	
1137	
1115	
1059	
1076	
1047	
1045	
1053	
1041	
1055	
1066	
1076	
1093	
1062	
1083	
1061	
1058	
1006	
1010	
1058	
1074	
1039	
1008	
1020	
1041	
988	
1027	
962	
1011	
1004	
1017	
986	
970	
987	
982	
940	
945	
961	
979	
932	
948	
947	
868	
873	
956	
896	
975	
887	
912	
932	
853	
945	
876	
885	
915	
918	
919	
888	
929	
897	
837	
882	
881	
942	
816	
911	
845	
838	
878	
810	
829	
830	
798	
822	
874	
850	
834	
849	
794	
823	
842	
783	
792	
829	
787	
816	
766	
743	
787	
755	
771	
779	
824	
788	
757	
763	
771	
767	
809	
719	
752	
731	
755	
764	
739	
758	
724	
726	
758	
726	
666	
707	
696	
694	
690	
678	
663	
684	
707	
708	
728	
705	
699	
664	
656	
652	
687	
665	
668	
679	
705	
612	
644	
656	
646	
618	
680	
650	
652	
617	
618	
619	
614	
641	
670	
585	
620	
604	
565	
589	
621	
637	
583	
581	
601	
578	
615	
542	
608	
608	
585	
602	
599	
553	
569	
539	
574	
565	
541	
556	
563	
588	
577	
574	
561	
569	
543	
563	
484	
573	
506	
530	
557	
517	
536	
475	
555	
540	
529	
570	
495	
500	
518	
509	
484	
443	
540	
460	
496	
515	
492	
520	
446	
458	
477	
506	
438	
476	
507	
464	
459	
469	
462	
486	
443	
430	
467	
495	
433	
447	
465	
471	
425	
427	
446	
426	
428	
415	
470	
445	
440	
420	
430	
451	
400	
455	
417	
433	
408	
421	
413	
443	
412	
393	
362	
366	
403	
402	
367	
413	
408	
374	
416	
416	
405	
402	
387	
415	
372	
387	
409	
385	
384	
397	
358	
376	
384	
375	
359	
369	
327	
401	
385	
320	
365	
352	
358	
339	
353	
378	
389	
375	
355	
349	
346	
350	
325	
356	
353	
347	
348	
346	
331	
339	
323	
329	
306	
299	
300	
338	
335	
295	
375	
303	
321	
325	
300	
302	
311	
327	
306	
321	
284	
340	
314	
307	
307	
321	
308	
322	
283	
311	
290	
333	
319	
282	
320	
323	
289	
285	
285	
287	
276	
276	
297	
258	
259	
264	
251	
283	
261	
267	
246	
253	
274	
219	
275	
255	
261	
263	
270	
264	
279	
269	
229	
261	
237	
245	
256	
259	
224	
253	
250	
251	
233	
262	
253	
235	
258	
266	
245	
223	
252	
208	
248	
253	
207	
263	
238	
244	
223	
219	
218	
221	
228	
223	
238	
238	
196	
238	
238	
231	
238	
210	
216	
217	
229	
199	
215	
219	
211	
198	
207	
197	
225	
222	
213	
227	
191	
199	
221	
173	
201	
217	
209	
207	
214	
200	
205	
200	
208	
203	
209	
218	
189	
184	
186	
167	
214	
196	
192	
189	
176	
174	
166	
180	
181	
181	
185	
176	
207	
182	
178	
174	
191	
158	
179	
184	
166	
182	
182	
194	
169	
182	
180	
153	
170	
179	
169	
186	
185	
158	
144	
160	
164	
182	
158	
171	
165	
202	
164	
144	
171	
163	
145	
155	
154	
163	
158	
154	
158	
145	
154	
143	
168	
160	
153	
137	
155	
155	
170	
138	
155	
156	
154	
131	
150	
151	
153	
148	
150	
129	
145	
145	
156	
150	
136	
144	
138	
154	
138	
120	
140	
129	
134	
126	
134	
147	
132	
157	
120	
128	
126	
137	
155	
135	
124	
123	
129	
128	
116	
129	
121	
140	
111	
125	
111	
128	
144	
113	
136	
105	
115	
124	
131	
103	
115	
125	
110	
151	
107	
105	
127	
121	
99	
117	
116	
116	
102	
106	
113	
108	
119	
115	
92	
99	
101	
112	
96	
102	
101	
99	
96	
119	
126	
117	
111	
95	
104	
106	
109	
105	
116	
99	
87	
118	
120	
96	
105	
115	
94	
104	
97	
98	
100	
109	
86	
80	
102	
65	
91	
101	
95	
103	
93	
88	
102	
84	
98	
103	
91	
115	
75	
83	
94	
89	
73	
103	
96	
83	
104	
74	
80	
83	
91	
96	
95	
97	
88	
79	
77	
73	
86	
91	
97	
73	
85	
86	
88	
91	
70	
65	
64	
87	
70	
75	
83	
84	
80	
85	
70	
60	
70	
66	
61	
73	
99	
67	
71	
74	
70	
79	
76	
74	
62	
83	
86	
81	
69	
54	
77	
60	
71	
58	
61	
74	
59	
56	
72	
66	
52	
70	
78	
71	
65	
62	
52	
67	
54	
51	
69	
68	
69	
66	
67	
58	
61	
69	
75	
56	
63	
48	
68	
70	
50	
61	
46	
53	
67	
55	
63	
58	
60	
60	
63	
63	
50	
60	
55	
51	
67	
47	
50	
62	
53	
47	
56	
51	
69	
49	
43	
57	
57	
44	
54	
39	
43	
70	
57	
59	
63	
63	
42	
67	
70	
48	
55	
56	
57	
55	
44	
45	
50	
43	
49	
42	
51	
49	
52	
54	
45	
48	
59	
54	
53	
58	
53	
48	
42	
43	
42	
45	
47	
47	
47	
51	
41	
50	
37	
41	
50	
36	
41	
40	
40	
38	
47	
44	
35	
50	
33	
34	
47	
34	
45	
38	
38	
38	
44	
41	
42	
41	
43	
57	
45	
32	
41	
35	
31	
35	
36	
47	
46	
27	
40	
50	
41	
47	
43	
36	
39	
31	
31	
46	
31	
32	
44	
48	
36	
43	
39	
46	
42	
53	
44	
35	
27	
39	
31	
35	
28	
26	
44	
28	
42	
36	
29	
22	
33	
29	
31	
38	
29	
28	
28	
31	
43	
39	
34	
30	
30	
27	
29	
41	
31	
28	
35	
31	
35	
33	
33	
25	
32	
33	
30	
31	
26	
34	
35	
35	
31	
24	
29	
26	
18	
37	
35	
39	
30	
34	
25	
27	
32	
25	
38	
28	
25	
36	
24	
36	
22	
24	
30	
30	
24	
35	
24	
19	
31	
34	
25	
26	
33	
24	
22	
15	
23	
27	
23	
25	
23	
20	
27	
16	
24	
25	
27	
24	
29	
29	
19	
22	
24	
24	
20	
24	
17	
23	
22	
21	
21	
17	
19	
25	
23	
19	
14	
24	
23	
26	
23	
28	
19	
26	
20	
23	
31	
23	
33	
21	
15	
21	
22	
29	
12	
28	
19	
29	
27	
19	
17	
24	
22	
16	
24	
17	
25	
20	
26	
11	
21	
16	
25	
19	
19	
23	
11	
21	
23	
25	
10	
19	
19	
23	
14	
13	
20	
20	
13	
15	
16	
27	
19	
16	
15	
14	
21	
23	
19	
9	
15	
19	
15	
25	
15	
24	
14	
7	
23	
15	
8	
17	
17	
11	
15	
9	
16	
16	
29	
23	
12	
17	
15	
13	
15	
19	
16	
22	
16	
15	
15	
22	
14	
13	
11	
18	
13	
16	
15	
16	
18	
16	
25	
16	
17	
10	
12	
19	
15	
18	
15	
10	
20	
17	
10	
10	
17	
16	
14	
12	
19	
11	
13	
12	
13	
19	
15	
6	
14	
12	
16	
14	
13	
21	
11	
20	
21	
15	
18	
12	
14	
13	
10	
20	
9	
15	
14	
10	
7	
12	
9	
12	
15	
8	
6	
9	
10	
13	
17	
11	
16	
10	
13	
11	
14	
14	
10	
15	
15	
15	
15	
9	
10	
14	
6	
12	
12	
10	
11	
11	
14	
14	
16	
15	
9	
13	
7	
18	
3	
19	
14	
7	
13	
9	
14	
13	
11	
14	
12	
7	
13	
10	
11	
15	
10	
14	
5	
11	
11	
10	
11	
7	
10	
6	
13	
7	
9	
7	
16	
10	
12	
11	
11	
10	
10	
9	
13	
9	
3	
14	
7	
8	
11	
12	
11	
14	
7	
8	
12	
16	
7	
10	
9	
14	
13	
5	
11	
8	
7	
8	
9	
4	
7	
6	
11	
11	
6	
5	
6	
9	
10	
11	
5	
4	
5	
5	
2	
10	
13	
11	
4	
6	
5	
18	
9	
8	
8	
2	
10	
6	
7	
6	
6	
6	
7	
4	
6	
3	
8	
2	
6	
6	
10	
12	
5	
12	
6	
8	
3	
8	
4	
8	
7	
7	
3	
6	
9	
6	
14	
8	
6	
3	
7	
9	
7	
6	
8	
7	
10	
9	
8	
10	
6	
9	
9	
7	
2	
9	
6	
7	
7	
4	
5	
7	
8	
4	
5	
12	
7	
7	
7	
4	
4	
6	
5	
10	
2	
3	
5	
6	
7	
6	
5	
6	
3	
7	
7	
8	
6	
5	
1	
5	
5	
5	
3	
5	
7	
7	
7	
8	
8	
7	
1	
5	
8	
8	
3	
6	
10	
6	
3	
3	
2	
2	
5	
2	
2	
6	
6	
2	
10	
5	
9	
3	
3	
3	
4	
4	
6	
3	
4	
8	
5	
4	
5	
6	
5	
5	
2	
3	
5	
4	
2	
4	
3	
4	
5	
7	
3	
3	
4	
5	
4	
6	
6	
2	
6	
6	
5	
5	
4	
3	
5	
3	
8	
7	
2	
5	
6	
8	
5	
3	
2	
5	
4	
7	
1	
1	
2	
2	
5	
7	
7	
2	
5	
2	
1	
2	
4	
1	
5	
8	
0	
4	
2	
6	
0	
2	
4	
4	
2	
4	
4	
3	
8	
3	
2	
2	
1	
4	
3	
5	
5	
3	
5	
4	
4	
4	
0	
6	
1	
1	
4	
2	
4	
2	
3	
3	
0	
4	
5	
5	
0	
2	
5	
2	
5	
3	
1	
1	
4	
4	
5	
3	
4	
3	
3	
2	
3	
3	
2	
3	
3	
3	
2	
2	
2	
3	
2	
2	
2	
2	
2	
1	
1	
4	
2	
0	
4	
5	
7	
2	
3	
2	
1	
3	
5	
2	
6	
1	
1	
1	
3	
2	
4	
3	
2	
3	
3	
3	
3	
2	
3	
4	
1	
1	
4	
3	
3	
2	
0	
2	
2	
1	
4	
2	
2	
5	
4	
1	
3	
2	
2	
2	
1	
2	
3	
3	
2	
3	
2	
1	
1	
2	
2	
1	
4	
1	
4	
2	
2	
0	
3	
2	
0	
2	
1	
3	
4	
0	
1	
2	
0	
0	
1	
0	
1	
2	
3	
2	
2	
1	
5	
0	
1	
2	
3	
2	
2	
1	
2	
3	
4	
3	
0	
3	
1	
2	
2	
1	
0	
1	
2	
1	
2	
2	
4	
0	
3	
1	
2	
1	
1	
1	
1	
2	
2	
3	
3	
3	
0	
1	
1	
2	
1	
2	
4	
1	
0	
3	
2	
3	
0	
2	
0	
2	
1	
2	
2	
1	
0	
4	
2	
2	
2	
3	
2	
2	
2	
6	
2	
2	
4	
1	
3	
1	
0	
1	
1	
2	
1	
2	
3	
1	
2	
2	
3	
2	
1	
3	
0	
2	
1	
2	
0	
1	
2	
4	
0	
0	
1	
1	
0	
4	
2	
1	
1	
1	
4	
1	
2	
1	
1	
1	
1	
0	
0	
1	
4	
0	
2	
3	
1	
1	
1	
2	
3	
2	
1	
2	
0	
2	
0	
1	
4	
1	
1	
2	
0	
2	
2	
2	
0	
0	
2	
1	
1	
1	
2	
0	
0	
3	
0	
1	
3	
1	
1	
1	
3	
1	
1	
1	
1	
0	
1	
2	
0	
1	
2	
2	
0	
1	
2	
0	
2	
0	
0	
2	
1	
0	
3	
1	
1	
1	
4	
1	
3	
0	
1	
3	
0	
2	
0	
2	
1	
0	
1	
0	
2	
1	
1	
1	
0	
0	
1	
0	
1	
0	
1	
3	
0	
1	
1	
1	
0	
0	
1	
0	
1	
1	
0	
0	
0	
0	
1	
1	
1	
0	
0	
0	
2	
2	
0	
0	
0	
2	
0	
1	
1	
1	
1	
0	
1	
1	
0	
0	
0	
1	
0	
1	
0	
1	
0	
0	
3	
0	
1	
0	
1	
0	
0	
0	
0	
0	
1	
0	
0	
1	
2	
1	
2	
2	
1	
1	
0	
0	
1	
1	
1	
2	
0	
0	
0	
0	
1	
1	
0	
1	
1	
0	
0	
2	
0	
0	
0	
1	
0	
1	
0	
1	
0	
1	
1	
2	
0	
1	
0	
0	
0	
0	
0	
0	
0	
2	
0	
0	
0	
1	
1	
1	
0	
0	
0	
1	
1	
0	
0	
0	
0	
1	
0	
1	
0	
0	
0	
0	
1	
0	
0	
0	
0	
0	
0	
0	
1	
0	
0	
0	
1	
0	
1	
0	
0	
0	
0	
1	
2	
1	
1	
1	
1	
0	
1	
0	
0	
0	
0	
0	
0	
0	
0	
0	
0	
0	
0	
1	
0	
0	
0	
1	
0	
0	
1	
0	
1	
0	
1	
0	
0	
0	
1	
0	
0	
0	
0	
0	
0	
1	
0	
0	
1	
1	
1	
1	
0	
0	
0	
0	
0	
1	
0	
0	
0	
0	
0	
0	
0	
0	
0	
0	
1	
0	
0	
1	
0	
2	
0	
1	
0	
0	
0	
0	
0	
0	
1	
0	
0	
0	
0	
0	
1	
0	
0	
0	
0	
0	
1	
0	
0	
0	
0	
0	
0	
0	
1	
0	
1	
1	
0	
0	
0	
1	
1	
1	
1	
2	
0	
0	
0	
0	
0	
0	
0	
0	
1	
1	
0	
0	
0	
0	
0	
0	
0	
0	
0	
0	
0	
0	
0	
0	
1	
0	
0	
0	
0	
0	
0	
0	
0	
1	
0	
0	
2	
0	
0	
0	
0	
1	
1	
0	
0	
0	
2	
0	
0	
0	
0	
0	
1	
0	
0	
0	
0	
0	
0	
0	
0	
1	
0	
0	
1	
0	
0	
0	
1	
0	
0	
2	
0	
0	
0	
0	
0	
0	
0	
0	
0	
1	
0	
0	
1	
0	
1	
1	
0	
0	
0	
0	
0	
1	
0	
1	
0	
1	
0	
1	
1	
0	
0	
0	
2	
0	
0	
1	
0	
0	
1	
0	
1	
0	
0	
0	
0	
0	
0	
0	
0	
0	
0	
0	
0	
0	
1	
0	
0	
0	
0	
0	
0	
0	
0	
0	
0	
1	
0	
0	
0	
0	
0	
0	
0	
0	
0	
0	
0	
0	
0	
0	
0	
0	
0	
0	
0	
0	
0	
0	
1	
0	
0	
0	
1	
0	
1	
0	
1	
1	
0	
0	
0	
0	
0	
0	
1	
0	
1	
0	
0	
0	
0	
0	
0	
0	
0	
0	
0	
0	
0	
0	
0	
0	
0	
0	
0	
0	
0	
0	
0	
0	
0	
0	
0	
0	
0	
1	
0	
0	
0	
0	
1	
0	
0	
1	
0	
1	
1	
0	
1	
0	
0	
0	
0	
0	
0	
0	
0	
0	
0	
0	
0	
0	
0	
0	
0	
0	
1	
0	
0	
0	
0	
0	
1	
0	
0	
0	
0	
1	
0	
0	
0	
0	
0	
0	
0	
0	
0	
1	
0	
0	
0	
0	
0	
0	
0	
0	
0	
1	
0	
0	
0	
0	
0	
0	
0	
0	
0	
0	
0	
0	
0	
0	
0	
0	
0	
0	
0	
0	
1	
0	
0	
0	
0	
0	
1	
0	
1	
1	
0	
0	
0	
0	
0	
0	
1	
0	
1	
0	
0	
0	
0	
0	
0	
0	
0	
1	
0	
1	
1	
2	
1	
0	
0	
1	
1	
1	
0	
0	
3	
0	
1	
0	
2	
0	
0	
1	
0	
1	
2	
1	
1	
0	
2	
1	
0	
0	
3	
2	
0	
1	
1	
4	
1	
2	
1	
0	
2	
0	
0	
1	
4	
1	
0	
1	
4	
2	
1	
4	
1	
0	
1	
2	
0	
2	
2	
0	
0	
0	
1	
1	
3	
0	
2	
1	
1	
6	
1	
2	
1	
3	
1	
1	
3	
1	
2	
3	
0	
4	
3	
0	
0	
1	
2	
2	
4	
3	
4	
3	
5	
3	
1	
4	
0	
1	
0	
3	
0	
2	
1	
1	
2	
3	
2	
1	
0	
2	
1	
2	
1	
3	
4	
0	
1	
2	
0	
0	
0	
1	
1	
1	
4	
4	
3	
3	
2	
0	
1	
1	
3	
2	
1	
1	
1	
2	
2	
3	
2	
0	
0	
2	
5	
4	
2	
2	
1	
3	
1	
2	
5	
3	
3	
1	
2	
2	
3	
2	
2	
3	
3	
3	
2	
1	
2	
1	
1	
0	
1	
0	
4	
5	
1	
1	
2	
2	
3	
1	
0	
1	
3	
1	
3	
3	
4	
3	
1	
3	
0	
1	
0	
0	
0	
0	
3	
3	
2	
1	
0	
2	
0	
1	
1	
2	
1	
2	
1	
2	
2	
1	
2	
4	
1	
0	
1	
0	
2	
0	
2	
0	
2	
1	
0	
2	
1	
0	
1	
2	
0	
2	
2	
1	
1	
0	
0	
1	
0	
3	
1	
1	
3	
1	
2	
1	
1	
1	
1	
0	
4	
1	
0	
1	
2	
0	
0	
0	
2	
0	
2	
0	
0	
0	
0	
2	
2	
1	
1	
0	
1	
1	
1	
0	
1	
2	
1	
1	
1	
0	
1	
1	
1	
2	
4	
2	
1	
0	
0	
0	
1	
1	
0	
1	
5	
1	
1	
2	
2	
1	
0	
0	
0	
0	
1	
0	
1	
0	
2	
1	
1	
0	
1	
0	
1	
0	
1	
0	
1	
2	
2	
1	
5	
0	
0	
0	
1	
0	
0	
2	
0	
3	
0	
1	
0	
1	
0	
0	
0	
1	
1	
0	
0	
0	
2	
0	
3	
0	
1	
1	
2	
0	
0	
1	
0	
1	
0	
0	
0	
0	
0	
0	
0	
0	
0	
1	
1	
0	
0	
2	
1	
0	
1	
1	
0	
1	
2	
3	
2	
2	
0	
1	
1	
1	
1	
3	
0	
1	
1	
1	
0	
1	
1	
1	
0	
0	
1	
0	
0	
0	
2	
0	
0	
0	
0	
2	
1	
0	
0	
2	
0	
1	
0	
1	
0	
0	
0	
0	
0	
0	
0	
0	
0	
1	
2	
0	
1	
0	
1	
0	
0	
0	
1	
0	
0	
1	
2	
0	
1	
1	
0	
0	
2	
0	
3	
1	
0	
1	
0	
0	
2	
2	
0	
1	
1	
0	
0	
0	
1	
0	
0	
1	
0	
0	
0	
1	
0	
0	
0	
1	
0	
0	
0	
0	
1	
0	
1	
1	
1	
0	
0	
2	
0	
0	
1	
0	
1	
1	
0	
1	
0	
1	
0	
0	
1	
0	
0	
0	
0	
1	
1	
1	
0	
1	
0	
0	
1	
0	
2	
1	
0	
0	
0	
1	
2	
1	
1	
0	
0	
1	
0	
0	
1	
2	
0	
1	
0	
0	
0	
0	
0	
0	
0	
0	
0	
0	
1	
1	
1	
0	
0	
1	
1	
0	
0	
1	
1	
2	
0	
1	
2	
0	
1	
0	
1	
2	
0	
0	
0	
1	
0	
1	
1	
0	
0	
0	
0	
0	
1	
0	
0	
1	
0	
0	
0	
0	
1	
0	
0	
0	
2	
0	
1	
1	
0	
0	
0	
0	
0	
0	
0	
2	
0	
1	
1	
0	
0	
0	
0	
0	
0	
0	
0	
0	
0	
1	
0	
0	
1	
0	
0	
0	
0	
0	
0	
0	
0	
0	
1	
0	
0	
0	
1	
0	
0	
1	
1	
0	
0	
0	
0	
0	
0	
0	
1	
0	
0	
1	
0	
2	
1	
0	
0	
0	
0	
1	
0	
1	
0	
0	
0	
0	
0	
0	
1	
0	
0	
1	
0	
0	
0	
0	
0	
0	
0	
1	
0	
0	
1	
0	
0	
0	
0	
1	
0	
2	
1	
0	
0	
0	
0	
0	
0	
2	
0	
0	
1	
0	
1	
0	
0	
0	
1	
4	
0	
0	
1	
0	
0	
1	
0	
0	
0	
0	
0	
1	
0	
0	
1	
0	
0	
0	
0	
1	
0	
0	
0	
0	
0	
0	
0	
1	
1	
0	
0	
0	
1	
0	
1	
1	
1	
0	
0	
1	
0	
0	
0	
1	
0	
1	
1	
0	
0	
0	
1	
0	
0	
0	
0	
1	
0	
0	
0	
0	
0	
0	
0	
2	
0	
0	
0	
0	
0	
1	
0	
0	
0	
0	
0	
0	
1	
1	
1	
0	
0	
0	
0	
1	
0	
0	
0	
0	
0	
0	
0	
0	
0	
0	
0	
0	
0	
0	
0	
1	
0	
0	
1	
0	
0	
0	
0	
0	
1	
0	
0	
0	
0	
0	
0	
0	
0	
0	
0	
0	
0	
0	
0	
0	
0	
0	
0	
0	
0	
1	
0	
0	
0	
0	
0	
0	
0	
0	
0	
0	
0	
0	
0	
0	
0	
0	
1	
0	
0	
0	
0	
0	
0	
0	
0	
0	
0	
0	
0	
0	
1	
0	
0	
0	
0	
1	
0	
0	
0	
1	
0	
1	
0	
0	
0	
0	
0	
0	
0	
0	
0	
0	
1	
0	
0	
0	
0	
0	
1	
0	
0	
1	
1	
0	
0	
0	
0	
0	
0	
0	
0	
0	
0	
0	
0	
0	
0	
0	
0	
0	
1	
0	
0	
0	
0	
0	
0	
0	
0	
0	
0	
0	
0	
0	
0	
0	
1	
0	
0	
0	
0	
0	
0	
1	
0	
0	
0	
0	
0	
0	
1	
0	
0	
0	
0	
0	
0	
1	
0	
0	
0	
0	
0	
0	
0	
0	
0	
0	
0	
0	
0	
0	
0	
0	
0	
0	
0	
0	
0	
0	
0	
1	
1	
0	
0	
0	
0	
0	
1	
0	
0	
0	
0	
0	
0	
0	
0	
1	
0	
0	
0	
0	
0	
0	
0	
0	
0	
0	
0	
0	
0	
0	
1	
0	
0	
0	
0	
0	
0	
0	
0	
0	
0	
0	
0	
0	
0	
0	
0	
0	
0	
0	
0	
0	
0	
0	
0	
0	
0	
0	
0	
0	
0	
0	
0	
0	
0	
0	
0	
0	
0	
0	
0	
0	
1	
0	
0	
0	
0	
0	
0	
0	
0	
0	
0	
1	
0	
1	
0	
0	
0	
0	
0	
0	
0	
0	
0	
0	
0	
0	
0	
0	
0	
0	
0	
0	
0	
0	
0	
0	
0	
0	
0	
1	
0	
0	
0	
0	
0	
0	
0	
0	
1	
0	
0	
0	
0	
0	
0	
0	
0	
0	
0	
0	
0	
0	
0	
0	
0	
0	
0	
0	
0	
0	
0	
0	
0	
0	
0	
0	
0	
0	
0	
0	
0	
0	
0	
0	
0	
0	
0	
0	
0	
0	
0	
0	
0	
0	
0	
0	
0	
1	
0	
0	
0	
0	
0	
0	
0	
0	
0	
0	
0	
0	
0	
0	
0	
0	
0	
0	
0	
0	
0	
0	
0	
0	
0	
0	
0	
1	
0	
0	
0	
0	
0	
0	
0	
0	
0	
0	
0	
0	
0	
0	
0	
0	
0	
0	
0	
0	
1	
0	
0	
0	
0	
0	
0	
0	
0	
0	
0	
0	
0	
0	
0	
0	
0	
0	
0	
0	
0	
0	
0	
0	
0	
1	
0	
0	
0	
0	
0	
0	
0	
0	
0	
0	
0	
0	
0	
0	
0	
0	
1	
0	
0	
0	
0	
0	
0	
0	
0	
0	
0	
0	
0	
0	
0	
0	
0	
0	
0	
0	
0	
0	
0	
0	
0	
1	
0	
0	
0	
0	
0	
0	
0	
0	
0	
0	
0	
0	
0	
0	
0	
0	
0	
0	
0	
0	
0	
0	
0	
0	
0	
0	
0	
0	
0	
0	
0	
0	
0	
0	
0	
0	
0	
0	
0	
0	
0	
0	
0	
0	
0	
0	
0	
0	
0	
0	
0	
0	
0	
0	
0	
0	
0	
0	
0	
0	
0	
0	
0	
0	
0	
0	
0	
1	
0	
0	
0	
0	
0	
0	
0	
0	
0	
0	
0	
0	
0	
0	
0	
0	
0	
0	
0	
0	
0	
0	
0	
1	
0	
0	
1	
0	
0	
0	
0	
0	
0	
0	
0	
0	
0	
0	
0	
0	
0	
0	
0	
0	
0	
0	
0	
1	
0	
0	
0	
0	
0	
0	
0	
0	
0	
0	
0	
0	
0	
0	
0	
0	
0	
0	
0	
0	
0	
0	
0	
0	
0	
0	
0	
0	
0	
0	
0	
0	
1	
0	
0	
0	
0	
0	
0	
0	
0	
0	
0	
0	
0	
0	
0	
0	
1	
0	
1	
0	
0	
1	
0	
0	
0	
0	
0	
0	
0	
0	
0	
0	
0	
0	
0	
0	
0	
0	
0	
0	
0	
0	
0	
0	
0	
0	
0	
0	
0	
0	
0	
0	
0	
0	
0	
0	
1	
0	
0	
0	
0	
0	
0	
1	
0	
0	
0	
0	
0	
1	
0	
0	
0	
0	
0	
0	
0	
0	
0	
0	
0	
0	
0	
0	
0	
0	
0	
0	
0	
0	
0	
0	
1	
0	
0	
0	
0	
0	
0	
0	
1	
0	
0	
0	
0	
0	
1	
0	
0	
0	
0	
0	
0	
0	
0	
0	
0	
0	
0	
0	
0	
0	
0	
0	
0	
0	
0	
0	
0	
0	
0	
0	
0	
0	
0	
0	
0	
0	
0	
0	
0	
0	
0	
0	
0	
0	
0	
0	
0	
0	
0	
0	
0	
0	
0	
0	
0	
0	
0	
0	
0	
0	
0	
0	
0	
0	
0	
0	
0	
0	
0	
0	
0	
0	
0	
0	
0	
0	
0	
0	
0	
0	
0	
0	
0	
0	
0	
1	
0	
1	
0	
0	
0	
0	
0	
0	
0	
0	
0	
0	
0	
0	
0	
0	
0	
0	
0	
0	
1	
0	
0	
0	
0	
0	
0	
0	
1	
0	
0	
0	
0	
0	
0	
0	
0	
0	
0	
0	
0	
0	
0	
0	
0	
0	
0	
0	
0	
0	
0	
0	
0	
0	
0	
0	
0	
0	
0	
0	
0	
0	
0	
1	
0	
0	
0	
0	
0	
0	
0	
0	
0	
0	
0	
1	
0	
0	
0	
0	
0	
0	
0	
0	
0	
0	
0	
0	
0	
0	
0	
0	
0	
0	
0	
0	
1	
0	
0	
0	
0	
0	
0	
0	
0	
0	
0	
0	
0	
0	
0	
0	
0	
0	
0	
0	
0	
0	
0	
0	
1	
0	
0	
0	
0	
0	
0	
0	
0	
0	
0	
0	
0	
0	
1	
0	
0	
0	
0	
0	
0	
0	
0	
2	
0	
0	
1	
0	
0	
0	
0	
0	
1	
0	
0	
0	
0	
0	
0	
0	
0	
0	
0	
0	
0	
0	
0	
0	
0	
0	
0	
0	
0	
0	
0	
0	
0	
0	
0	
0	
0	
0	
0	
0	
0	
0	
1	
0	
0	
0	
0	
0	
0	
0	
0	
0	
0	
0	
0	
0	
0	
0	
0	
0	
0	
0	
0	
0	
0	
0	
0	
0	
0	
0	
0	
0	
0	
0	
0	
0	
0	
0	
0	
0	
0	
0	
0	
0	
0	
0	
0	
0	
0	
0	
0	
0	
0	
0	
0	
0	
0	
0	
0	
0	
0	
0	
0	
0	
0	
0	
0	
0	
0	
0	
0	
0	
0	
0	
0	
0	
0	
0	
0	
0	
0	
0	
0	
0	
0	
0	
0	
0	
0	
0	
0	
0	
0	
0	
0	
0	
0	
0	
0	
0	
0	
0	
0	
0	
0	
0	
0	
0	
0	
0	
0	
0	
0	
0	
0	
0	
0	
0	
0	
0	
0	
0	
0	
0	
0	
0	
0	
0	
0	
0	
0	
0	
0	
0	
0	
0	
0	
0	
0	
0	
0	
0	
0	
0	
0	
0	
0	
0	
0	
0	
0	
0	
0	
0	
0	
1	
1	
0	
0	
1	
0	
0	
0	
0	
0	
0	
0	
0	
0	
0	
0	
1	
0	
0	
0	
0	
0	
0	
0	
0	
1	
0	
0	
0	
0	
0	
0	
0	
0	
0	
0	
0	
0	
0	
0	
0	
0	
0	
0	
0	
0	
0	
0	
1	
0	
0	
0	
0	
0	
0	
0	
0	
0	
0	
0	
0	
0	
0	
0	
0	
0	
0	
0	
0	
0	
0	
0	
0	
0	
0	
0	
2	
0	
0	
0	
0	
1	
0	
0	
0	
0	
0	
2	
0	
0	
0	
0	
0	
1	
0	
1	
0	
0	
0	
0	
0	
0	
0	
0	
2	
0	
0	
0	
0	
0	
0	
0	
0	
0	
0	
0	
0	
0	
0	
0	
0	
0	
0	
0	
0	
0	
0	
0	
0	
0	
0	
0	
0	
0	
0	
0	
0	
0	
0	
0	
0	
0	
0	
0	
0	
0	
0	
0	
0	
0	
0	
0	
0	
0	
0	
0	
0	
1	
0	
0	
0	
0	
0	
0	
0	
0	
0	
0	
1	
0	
0	
0	
0	
0	
0	
0	
1	
0	
0	
0	
0	
0	
0	
1	
0	
0	
0	
0	
0	
0	
0	
0	
0	
0	
0	
0	
0	
0	
0	
0	
0	
0	
0	
0	
0	
0	
0	
0	
1	
0	
0	
0	
0	
0	
0	
0	
0	
0	
0	
0	
0	
0	
0	
0	
0	
0	
1	
0	
0	
0	
0	
0	
0	
0	
0	
0	
0	
0	
0	
0	
0	
0	
0	
0	
1	
0	
0	
0	
0	
0	
0	
0	
0	
0	
0	
0	
0	
0	
0	
0	
0	
0	
0	
0	
0	
0	
0	
1	
0	
1	
1	
0	
0	
0	
0	
0	
0	
0	
0	
1	
0	
0	
0	
0	
0	
0	
0	
0	
0	
0	
0	
0	
0	
0	
0	
1	
0	
0	
0	
0	
0	
0	
0	
0	
0	
0	
0	
0	
0	
0	
0	
0	
0	
0	
0	
0	
0	
0	
0	
0	
0	
0	
0	
0	
0	
1	
0	
0	
0	
0	
0	
0	
0	
0	
0	
0	
0	
0	
0	
0	
0	
0	
1	
0	
0	
0	
0	
0	
0	
0	
0	
1	
0	
0	
0	
1	
0	
0	
1	
0	
0	
1	
0	
0	
0	
0	
0	
0	
0	
0	
0	
0	
0	
0	
0	
0	
0	
0	
0	
1	
0	
0	
0	
0	
0	
0	
0	
0	
0	
0	
0	
0	
0	
0	
0	
0	
1	
0	
0	
0	
0	
0	
0	
0	
0	
0	
0	
0	
0	
0	
0	
0	
0	
0	
0	
0	
0	
0	
0	
0	
0	
0	
0	
0	
0	
0	
0	
0	
0	
0	
0	
0	
1	
0	
0	
0	
0	
0	
0	
0	
0	
0	
0	
0	
0	
0	
0	
0	
0	
0	
0	
0	
0	
0	
0	
0	
0	
0	
0	
1	
0	
0	
0	
0	
0	
0	
0	
1	
0	
0	
0	
0	
1	
0	
1	
1	
0	
0	
0	
0	
0	
0	
0	
0	
0	
0	
0	
1	
0	
1	
0	
1	
0	
0	
0	
0	
0	
0	
1	
0	
0	
0	
0	
0	
0	
0	
0	
0	
0	
0	
0	
0	
0	
0	
0	
0	
0	
1	
0	
0	
0	
0	
0	
0	
0	
0	
0	
0	
0	
0	
0	
1	
1	
0	
0	
0	
0	
0	
0	
0	
0	
0	
0	
0	
0	
1	
0	
0	
0	
0	
0	
0	
0	
0	
0	
0	
1	
0	
0	
0	
0	
0	
0	
0	
0	
1	
0	
0	
0	
0	
0	
1	
0	
0	
0	
0	
0	
0	
0	
0	
0	
0	
0	
0	
0	
0	
0	
1	
0	
1	
0	
0	
0	
0	
0	
0	
0	
0	
0	
0	
0	
0	
1	
0	
1	
0	
0	
0	
0	
0	
1	
0	
0	
0	
0	
0	
1	
0	
0	
0	
1	
0	
0	
0	
0	
0	
0	
0	
0	
0	
0	
1	
1	
1	
0	
0	
0	
0	
0	
0	
0	
1	
0	
0	
0	
1	
1	
0	
0	
1	
1	
0	
0	
2	
0	
0	
0	
1	
0	
0	
0	
0	
0	
0	
1	
0	
0	
0	
0	
0	
0	
0	
0	
0	
0	
0	
0	
0	
0	
0	
0	
0	
0	
0	
0	
1	
0	
1	
0	
0	
0	
0	
0	
0	
0	
0	
0	
1	
0	
0	
0	
0	
0	
0	
0	
0	
