#PicoHarp 300  Histogram Data			18/12/2022 05:51:30 PM
#channels per curve
6250
#display curve no.
0	
#memory block no.
0	
#ns/channel
0.0160	
#counts
0	
0	
1	
0	
0	
0	
0	
0	
0	
0	
0	
0	
0	
0	
0	
0	
0	
0	
0	
0	
0	
0	
0	
0	
0	
0	
0	
0	
0	
0	
0	
0	
0	
0	
0	
0	
0	
0	
0	
0	
0	
0	
0	
0	
0	
0	
0	
0	
0	
0	
0	
0	
0	
0	
0	
0	
0	
0	
0	
0	
0	
1	
0	
0	
0	
0	
0	
0	
0	
0	
0	
0	
0	
0	
0	
0	
0	
0	
0	
0	
0	
0	
0	
0	
1	
0	
0	
0	
0	
0	
0	
0	
0	
0	
0	
0	
0	
0	
0	
0	
0	
0	
0	
0	
0	
0	
0	
0	
0	
0	
0	
0	
0	
1	
0	
0	
0	
0	
0	
0	
0	
0	
0	
0	
0	
0	
0	
0	
0	
0	
0	
0	
0	
0	
0	
0	
0	
0	
0	
0	
0	
0	
0	
0	
0	
0	
0	
0	
0	
0	
0	
0	
0	
0	
0	
0	
0	
0	
0	
0	
0	
0	
0	
0	
0	
0	
0	
0	
0	
0	
0	
0	
0	
0	
0	
0	
0	
0	
0	
0	
0	
0	
0	
0	
0	
0	
0	
0	
0	
0	
1	
0	
0	
0	
0	
0	
0	
0	
0	
0	
0	
1	
0	
0	
0	
0	
0	
0	
0	
1	
0	
0	
0	
0	
0	
0	
0	
0	
0	
0	
0	
0	
0	
0	
0	
0	
0	
0	
0	
0	
0	
0	
0	
0	
0	
0	
0	
0	
0	
0	
0	
0	
0	
0	
0	
0	
0	
0	
0	
0	
0	
1	
0	
0	
0	
0	
0	
0	
0	
0	
0	
0	
0	
0	
0	
0	
0	
0	
0	
0	
0	
0	
1	
0	
0	
0	
0	
0	
1	
0	
0	
0	
0	
0	
0	
0	
0	
0	
1	
0	
0	
0	
0	
0	
0	
1	
0	
0	
0	
0	
0	
0	
0	
0	
0	
0	
0	
0	
0	
0	
0	
0	
0	
0	
0	
0	
0	
0	
0	
0	
0	
0	
0	
0	
0	
0	
0	
0	
0	
0	
0	
0	
0	
0	
0	
0	
0	
0	
0	
0	
0	
0	
0	
0	
0	
0	
0	
0	
0	
0	
0	
0	
0	
0	
0	
0	
0	
0	
0	
0	
0	
0	
0	
0	
0	
0	
0	
0	
0	
0	
0	
0	
0	
0	
0	
1	
0	
0	
0	
0	
0	
0	
0	
0	
0	
0	
0	
0	
0	
0	
0	
0	
0	
0	
0	
0	
0	
1	
0	
0	
0	
0	
0	
0	
0	
0	
0	
0	
0	
0	
0	
0	
0	
0	
0	
0	
0	
0	
0	
0	
0	
0	
0	
0	
0	
0	
0	
0	
0	
0	
0	
0	
0	
0	
0	
0	
0	
0	
0	
0	
0	
0	
0	
0	
0	
0	
0	
0	
0	
0	
0	
0	
0	
0	
0	
0	
0	
1	
0	
0	
0	
0	
0	
0	
0	
0	
1	
0	
0	
0	
0	
0	
0	
0	
0	
0	
0	
0	
1	
0	
0	
0	
0	
0	
0	
0	
0	
0	
0	
0	
0	
0	
0	
0	
0	
0	
1	
0	
0	
0	
0	
0	
0	
0	
1	
0	
0	
1	
0	
0	
0	
0	
0	
0	
0	
0	
0	
0	
0	
0	
0	
0	
0	
0	
0	
0	
0	
0	
0	
0	
0	
0	
0	
1	
0	
0	
0	
0	
0	
0	
0	
0	
0	
0	
0	
0	
0	
0	
0	
0	
0	
0	
0	
0	
0	
0	
0	
1	
0	
0	
0	
0	
0	
0	
0	
0	
0	
0	
0	
0	
0	
0	
0	
0	
0	
0	
0	
0	
0	
0	
0	
0	
0	
0	
0	
0	
0	
0	
0	
0	
0	
0	
0	
0	
0	
1	
0	
0	
0	
0	
0	
0	
0	
0	
0	
0	
0	
1	
0	
0	
0	
0	
1	
0	
1	
0	
0	
0	
0	
0	
0	
0	
0	
0	
0	
0	
0	
0	
0	
0	
0	
0	
0	
0	
0	
0	
0	
0	
0	
0	
0	
0	
0	
0	
1	
0	
0	
0	
0	
0	
0	
0	
0	
0	
0	
0	
0	
0	
0	
0	
0	
0	
0	
0	
0	
0	
1	
0	
1	
1	
0	
0	
1	
1	
0	
0	
0	
0	
0	
0	
0	
0	
0	
0	
0	
0	
0	
0	
1	
1	
0	
0	
0	
1	
0	
0	
0	
0	
0	
0	
0	
0	
0	
0	
1	
0	
0	
0	
0	
0	
0	
0	
0	
0	
0	
0	
0	
0	
0	
0	
0	
0	
0	
0	
0	
0	
0	
0	
0	
0	
0	
0	
0	
0	
0	
0	
0	
0	
0	
0	
0	
0	
0	
1	
0	
0	
0	
0	
0	
0	
0	
0	
0	
0	
0	
0	
1	
0	
0	
0	
0	
0	
0	
0	
0	
0	
0	
0	
0	
0	
0	
0	
0	
0	
0	
0	
0	
0	
0	
1	
0	
0	
0	
0	
0	
0	
0	
1	
0	
0	
0	
0	
0	
0	
0	
0	
0	
0	
0	
0	
0	
0	
0	
0	
0	
0	
0	
0	
0	
1	
0	
1	
1	
0	
0	
0	
0	
0	
0	
0	
0	
0	
0	
0	
0	
0	
0	
0	
0	
0	
0	
0	
0	
0	
0	
5	
22	
98	
401	
987	
2072	
3324	
5114	
7061	
8194	
8889	
9294	
9601	
9616	
9861	
9893	
9786	
9921	
9886	
9988	
9999	
10000	
9613	
9802	
9717	
9608	
9747	
9713	
9675	
9670	
9762	
9571	
9829	
9741	
9557	
9621	
9517	
9553	
9517	
9439	
9520	
9518	
9515	
9504	
9574	
9370	
9358	
9228	
9174	
9140	
9161	
9096	
8989	
8847	
9030	
9130	
8801	
8999	
8782	
9045	
9056	
8839	
8876	
8654	
8748	
8525	
8619	
8686	
8544	
8589	
8645	
8404	
8519	
8579	
8506	
8466	
8321	
8279	
8295	
8446	
8496	
8149	
8174	
8240	
7965	
8059	
8101	
7937	
7897	
8108	
8034	
7971	
7882	
7917	
7792	
7880	
7604	
7748	
7604	
7719	
7666	
7558	
7516	
7714	
7445	
7630	
7597	
7471	
7286	
7313	
7321	
7328	
7508	
7254	
7282	
7091	
7184	
7102	
7140	
7245	
7046	
6990	
7036	
6970	
6934	
6924	
6961	
6879	
6716	
6913	
6787	
6852	
6706	
6716	
6718	
6674	
6634	
6604	
6500	
6524	
6609	
6494	
6427	
6367	
6437	
6459	
6405	
6287	
6361	
6366	
6332	
6275	
6325	
6137	
6271	
6108	
6149	
6116	
6055	
5974	
5987	
6137	
6028	
6045	
5953	
5962	
5958	
5854	
5883	
5892	
5826	
5861	
5894	
5858	
5928	
5799	
5716	
5773	
5770	
5715	
5639	
5539	
5449	
5698	
5586	
5554	
5494	
5528	
5615	
5628	
5423	
5392	
5358	
5345	
5271	
5405	
5227	
5255	
5282	
5158	
5175	
5210	
4968	
5097	
5097	
5002	
5182	
5108	
5020	
5156	
4940	
4981	
5141	
4914	
5062	
5000	
4985	
4945	
4819	
4813	
4864	
4804	
4925	
4895	
4689	
4970	
4838	
4638	
4803	
4815	
4760	
4764	
4655	
4487	
4656	
4595	
4684	
4702	
4507	
4461	
4526	
4605	
4525	
4582	
4499	
4490	
4365	
4391	
4494	
4404	
4443	
4369	
4340	
4266	
4370	
4324	
4243	
4344	
4178	
4146	
4211	
4174	
4170	
4167	
4092	
4138	
4165	
4228	
4107	
4045	
3961	
4084	
4099	
3989	
4106	
4015	
3895	
3843	
4023	
3920	
3910	
3828	
3893	
3873	
3902	
3835	
3767	
3903	
3882	
3783	
3830	
3766	
3864	
3695	
3792	
3789	
3666	
3574	
3617	
3646	
3629	
3493	
3530	
3565	
3540	
3516	
3518	
3643	
3487	
3419	
3502	
3553	
3413	
3359	
3498	
3475	
3369	
3420	
3211	
3452	
3261	
3355	
3340	
3254	
3381	
3278	
3172	
3164	
3195	
3255	
3143	
3209	
3207	
3195	
3141	
3180	
3239	
3129	
3180	
3089	
3061	
3104	
3091	
3023	
3128	
3110	
3039	
3019	
2971	
2999	
2890	
2970	
3005	
2984	
2827	
2912	
2949	
2954	
2908	
2898	
2905	
2897	
2813	
2809	
2800	
2828	
2782	
2832	
2870	
2829	
2804	
2721	
2757	
2809	
2709	
2766	
2719	
2641	
2844	
2651	
2605	
2649	
2651	
2619	
2703	
2632	
2594	
2582	
2690	
2516	
2554	
2633	
2581	
2645	
2485	
2513	
2517	
2491	
2477	
2535	
2467	
2534	
2424	
2460	
2368	
2472	
2485	
2342	
2448	
2426	
2323	
2418	
2414	
2457	
2398	
2392	
2429	
2283	
2380	
2301	
2364	
2327	
2327	
2259	
2284	
2284	
2319	
2220	
2278	
2213	
2228	
2179	
2251	
2199	
2193	
2267	
2242	
2126	
2252	
2184	
2206	
2104	
2121	
2138	
2096	
2098	
2123	
2119	
2073	
2128	
2047	
2093	
2050	
2140	
2034	
2047	
1978	
2017	
2100	
1955	
2021	
1999	
2000	
1921	
1890	
1967	
1918	
1867	
1988	
1974	
1902	
1864	
1890	
1936	
1967	
1894	
1892	
1793	
1840	
1958	
1863	
1841	
1814	
1810	
1910	
1867	
1820	
1772	
1825	
1817	
1778	
1760	
1736	
1782	
1793	
1767	
1770	
1816	
1693	
1669	
1741	
1722	
1714	
1736	
1662	
1595	
1671	
1744	
1657	
1653	
1663	
1688	
1691	
1658	
1612	
1591	
1618	
1552	
1595	
1627	
1685	
1699	
1613	
1590	
1625	
1599	
1555	
1558	
1605	
1507	
1556	
1623	
1508	
1519	
1491	
1529	
1628	
1509	
1509	
1466	
1512	
1521	
1409	
1458	
1464	
1464	
1554	
1505	
1457	
1442	
1415	
1461	
1451	
1307	
1424	
1410	
1442	
1427	
1359	
1385	
1401	
1385	
1360	
1355	
1358	
1377	
1390	
1343	
1376	
1320	
1318	
1332	
1361	
1283	
1309	
1316	
1273	
1329	
1293	
1301	
1297	
1241	
1218	
1313	
1222	
1204	
1309	
1275	
1271	
1205	
1238	
1211	
1220	
1202	
1176	
1185	
1269	
1227	
1226	
1205	
1190	
1236	
1195	
1166	
1212	
1229	
1165	
1138	
1138	
1164	
1221	
1157	
1168	
1142	
1154	
1072	
1142	
1148	
1117	
1090	
1125	
1056	
1089	
1038	
1126	
1165	
1123	
1074	
1081	
1048	
1080	
1086	
1085	
1013	
1084	
1051	
1009	
1023	
972	
1019	
1064	
1020	
1043	
1039	
1004	
1025	
970	
979	
974	
1013	
1022	
943	
1051	
959	
969	
958	
993	
952	
951	
933	
954	
923	
1006	
940	
907	
897	
956	
931	
944	
956	
896	
884	
926	
953	
896	
906	
908	
899	
874	
864	
859	
903	
841	
899	
892	
848	
838	
818	
882	
894	
863	
827	
824	
817	
858	
820	
831	
856	
849	
787	
817	
837	
847	
776	
792	
794	
842	
811	
774	
798	
805	
809	
740	
830	
848	
800	
814	
774	
754	
769	
817	
770	
697	
736	
708	
765	
696	
758	
718	
773	
754	
761	
723	
772	
700	
687	
767	
684	
722	
739	
731	
714	
727	
660	
718	
701	
680	
705	
708	
733	
664	
719	
692	
628	
718	
688	
652	
643	
658	
665	
666	
659	
656	
670	
643	
647	
598	
674	
651	
592	
630	
598	
637	
632	
568	
625	
652	
649	
592	
664	
611	
619	
595	
634	
647	
620	
571	
582	
579	
608	
580	
593	
543	
595	
536	
589	
576	
565	
581	
585	
592	
587	
523	
614	
527	
537	
532	
526	
545	
550	
554	
536	
526	
537	
564	
542	
515	
566	
564	
526	
505	
519	
565	
496	
469	
538	
500	
481	
539	
554	
542	
501	
502	
509	
512	
482	
521	
472	
524	
436	
444	
472	
502	
490	
477	
473	
481	
439	
464	
473	
454	
474	
463	
486	
440	
460	
471	
463	
434	
470	
425	
450	
478	
449	
449	
478	
444	
456	
454	
466	
396	
402	
445	
394	
429	
440	
395	
397	
420	
422	
391	
412	
427	
429	
390	
414	
430	
410	
417	
440	
374	
366	
438	
415	
376	
379	
368	
377	
440	
368	
366	
372	
329	
405	
403	
385	
392	
364	
376	
384	
384	
365	
389	
403	
357	
354	
365	
369	
366	
365	
350	
359	
342	
322	
385	
402	
379	
334	
357	
367	
349	
301	
345	
364	
369	
321	
360	
344	
357	
338	
332	
341	
337	
316	
322	
314	
350	
339	
362	
352	
337	
351	
322	
323	
316	
332	
302	
296	
316	
327	
306	
312	
302	
313	
310	
316	
319	
276	
292	
302	
323	
313	
308	
280	
290	
297	
280	
299	
317	
285	
309	
279	
287	
284	
282	
271	
296	
295	
245	
293	
272	
276	
284	
282	
278	
252	
301	
261	
285	
261	
260	
254	
255	
274	
251	
255	
258	
254	
281	
256	
258	
297	
275	
264	
251	
248	
270	
245	
256	
259	
243	
242	
264	
246	
231	
241	
230	
243	
229	
219	
250	
260	
255	
247	
212	
235	
235	
247	
253	
234	
240	
221	
214	
252	
235	
222	
236	
240	
218	
239	
224	
237	
222	
239	
204	
237	
239	
217	
233	
220	
243	
199	
195	
219	
192	
234	
223	
220	
217	
228	
202	
225	
218	
187	
173	
228	
204	
198	
203	
195	
221	
191	
168	
194	
207	
211	
195	
202	
227	
191	
198	
211	
192	
186	
178	
178	
210	
197	
200	
206	
184	
173	
177	
169	
174	
205	
175	
196	
193	
194	
162	
166	
175	
208	
181	
179	
185	
175	
170	
165	
144	
176	
164	
172	
167	
188	
165	
177	
178	
155	
179	
157	
172	
159	
154	
185	
159	
170	
158	
167	
155	
184	
169	
157	
138	
152	
162	
161	
147	
183	
152	
162	
152	
169	
153	
170	
155	
156	
164	
147	
157	
147	
145	
147	
146	
130	
144	
128	
161	
145	
144	
140	
164	
153	
126	
162	
139	
140	
139	
153	
148	
143	
143	
145	
159	
123	
159	
132	
123	
139	
158	
133	
120	
127	
131	
138	
133	
126	
119	
138	
138	
133	
147	
118	
120	
123	
147	
109	
104	
138	
158	
136	
125	
118	
132	
111	
109	
130	
132	
115	
130	
127	
118	
120	
107	
126	
110	
131	
129	
121	
118	
135	
118	
119	
135	
110	
108	
107	
117	
118	
98	
117	
110	
96	
112	
102	
115	
99	
102	
93	
113	
112	
109	
100	
116	
103	
115	
120	
98	
100	
101	
101	
102	
114	
86	
104	
91	
95	
103	
89	
103	
113	
119	
104	
110	
95	
109	
81	
106	
103	
83	
82	
108	
75	
119	
113	
92	
97	
102	
77	
98	
93	
109	
80	
78	
83	
94	
99	
104	
84	
96	
76	
83	
92	
84	
97	
83	
99	
88	
88	
94	
87	
95	
70	
94	
83	
87	
84	
90	
84	
84	
72	
94	
82	
81	
72	
74	
84	
82	
84	
83	
73	
86	
79	
91	
72	
78	
87	
85	
67	
75	
77	
81	
86	
81	
70	
82	
68	
66	
81	
88	
81	
80	
75	
80	
75	
67	
56	
66	
66	
83	
81	
84	
62	
65	
85	
77	
70	
63	
82	
74	
68	
70	
73	
72	
75	
65	
63	
59	
60	
73	
86	
65	
68	
61	
64	
62	
60	
72	
50	
57	
81	
57	
50	
66	
64	
60	
72	
66	
68	
71	
59	
66	
59	
60	
75	
53	
72	
52	
73	
84	
56	
56	
67	
71	
64	
68	
53	
69	
60	
45	
72	
52	
71	
53	
49	
57	
61	
45	
62	
52	
51	
50	
33	
61	
70	
58	
58	
56	
45	
60	
59	
63	
53	
54	
40	
55	
64	
57	
63	
53	
46	
54	
46	
53	
47	
38	
43	
50	
59	
51	
53	
58	
52	
38	
44	
46	
52	
56	
38	
44	
56	
52	
59	
54	
56	
32	
49	
43	
48	
39	
39	
49	
55	
43	
45	
49	
40	
43	
44	
41	
43	
44	
45	
26	
54	
43	
46	
43	
51	
40	
34	
42	
49	
33	
43	
44	
57	
35	
45	
45	
44	
34	
34	
37	
35	
54	
44	
42	
32	
27	
38	
46	
53	
35	
32	
31	
40	
30	
38	
42	
41	
27	
36	
28	
32	
37	
36	
38	
36	
32	
28	
28	
31	
38	
37	
47	
42	
33	
39	
37	
21	
41	
41	
35	
35	
30	
33	
42	
33	
38	
27	
26	
28	
30	
28	
33	
34	
27	
37	
34	
25	
34	
30	
29	
32	
29	
31	
31	
31	
35	
23	
26	
37	
30	
41	
29	
37	
31	
27	
35	
31	
20	
36	
28	
21	
22	
23	
33	
33	
27	
22	
44	
32	
25	
37	
26	
26	
35	
31	
27	
32	
32	
15	
28	
29	
30	
25	
29	
19	
19	
31	
31	
31	
34	
18	
34	
24	
23	
25	
32	
14	
29	
18	
32	
32	
27	
22	
36	
33	
24	
25	
25	
27	
24	
30	
24	
20	
35	
18	
33	
20	
25	
21	
25	
18	
32	
21	
16	
26	
22	
25	
13	
23	
32	
23	
20	
10	
23	
27	
22	
16	
26	
16	
17	
23	
34	
15	
25	
27	
20	
25	
19	
14	
20	
16	
16	
17	
20	
24	
18	
17	
30	
22	
25	
16	
20	
15	
20	
25	
15	
17	
23	
22	
23	
20	
22	
19	
24	
17	
17	
18	
22	
20	
15	
18	
17	
22	
20	
20	
15	
18	
22	
16	
22	
17	
18	
23	
17	
19	
15	
18	
23	
18	
20	
14	
17	
19	
17	
17	
20	
20	
18	
18	
22	
22	
18	
17	
15	
14	
18	
17	
14	
22	
18	
12	
19	
9	
14	
16	
12	
11	
20	
17	
16	
18	
11	
14	
13	
15	
17	
21	
15	
17	
22	
14	
16	
15	
17	
14	
6	
17	
20	
13	
13	
22	
17	
14	
9	
14	
17	
18	
15	
14	
18	
13	
13	
9	
14	
12	
17	
15	
12	
16	
20	
11	
15	
12	
15	
14	
16	
8	
9	
14	
10	
11	
10	
16	
17	
13	
10	
10	
7	
13	
13	
13	
16	
8	
10	
11	
9	
8	
10	
13	
12	
14	
8	
13	
11	
12	
5	
5	
9	
14	
15	
11	
11	
14	
20	
13	
12	
14	
12	
10	
17	
8	
12	
12	
9	
15	
12	
9	
7	
13	
19	
14	
13	
11	
20	
10	
10	
7	
7	
8	
8	
10	
10	
13	
10	
6	
9	
12	
11	
4	
11	
15	
8	
10	
11	
16	
7	
7	
15	
11	
7	
10	
9	
7	
12	
10	
10	
10	
12	
9	
15	
5	
6	
11	
4	
8	
3	
12	
5	
10	
6	
14	
13	
6	
9	
5	
6	
13	
9	
10	
9	
12	
7	
12	
7	
8	
7	
6	
9	
7	
9	
7	
9	
2	
9	
13	
6	
6	
12	
9	
8	
12	
12	
8	
8	
9	
8	
11	
4	
7	
5	
10	
6	
13	
9	
5	
6	
6	
12	
7	
8	
10	
6	
9	
11	
10	
13	
6	
5	
12	
4	
6	
9	
6	
5	
5	
8	
6	
11	
7	
11	
9	
7	
5	
11	
5	
5	
9	
1	
8	
11	
5	
5	
10	
6	
11	
6	
14	
8	
8	
8	
4	
8	
7	
6	
9	
5	
8	
4	
6	
8	
4	
9	
9	
2	
4	
8	
3	
6	
3	
4	
4	
5	
5	
4	
9	
10	
6	
4	
6	
4	
4	
5	
5	
3	
8	
9	
5	
6	
4	
8	
6	
3	
4	
3	
5	
6	
6	
4	
2	
4	
2	
2	
4	
6	
6	
3	
5	
8	
3	
2	
5	
3	
6	
8	
6	
8	
2	
13	
3	
6	
6	
6	
9	
6	
5	
6	
7	
3	
5	
6	
3	
7	
5	
6	
7	
5	
4	
7	
7	
3	
3	
4	
4	
2	
4	
5	
11	
3	
6	
7	
3	
6	
9	
7	
4	
3	
5	
6	
8	
1	
2	
5	
5	
4	
3	
4	
7	
7	
3	
5	
5	
2	
1	
5	
4	
4	
4	
4	
2	
4	
5	
2	
2	
7	
4	
1	
5	
1	
4	
0	
3	
6	
4	
5	
4	
1	
6	
4	
6	
2	
4	
1	
6	
3	
5	
4	
5	
0	
5	
5	
7	
4	
5	
4	
2	
6	
2	
2	
2	
1	
5	
0	
2	
10	
6	
5	
4	
3	
2	
4	
3	
4	
1	
4	
6	
3	
3	
1	
6	
2	
4	
4	
4	
3	
4	
4	
5	
0	
7	
1	
1	
3	
4	
3	
2	
3	
1	
2	
4	
3	
2	
0	
3	
4	
2	
2	
1	
3	
2	
3	
4	
2	
2	
3	
3	
2	
0	
4	
2	
2	
4	
1	
1	
3	
4	
4	
0	
4	
3	
1	
6	
3	
1	
1	
4	
2	
4	
4	
1	
2	
4	
2	
5	
1	
4	
2	
3	
1	
3	
0	
2	
4	
2	
4	
1	
3	
0	
2	
1	
5	
4	
1	
3	
3	
3	
2	
5	
2	
3	
1	
3	
2	
2	
2	
1	
1	
1	
1	
3	
3	
1	
3	
4	
3	
2	
4	
2	
2	
3	
1	
2	
2	
2	
2	
1	
2	
2	
1	
3	
1	
4	
3	
1	
3	
0	
4	
4	
2	
1	
1	
1	
2	
3	
3	
2	
1	
0	
4	
0	
3	
7	
1	
2	
4	
1	
2	
1	
2	
2	
1	
1	
4	
1	
4	
2	
1	
0	
3	
3	
2	
0	
3	
1	
1	
1	
8	
6	
5	
5	
3	
2	
3	
3	
3	
5	
7	
2	
4	
4	
1	
0	
2	
1	
2	
0	
3	
1	
2	
3	
2	
3	
1	
1	
1	
0	
1	
1	
2	
5	
2	
0	
2	
1	
1	
2	
2	
1	
4	
0	
1	
2	
2	
4	
2	
4	
2	
2	
1	
0	
0	
2	
1	
1	
1	
2	
1	
1	
2	
2	
2	
2	
2	
3	
0	
4	
5	
3	
0	
3	
2	
1	
3	
1	
1	
0	
1	
3	
6	
0	
1	
0	
0	
5	
0	
2	
1	
4	
2	
0	
1	
0	
2	
2	
0	
3	
1	
3	
1	
2	
2	
4	
2	
1	
0	
0	
1	
2	
3	
3	
3	
2	
2	
1	
0	
0	
0	
1	
2	
1	
1	
0	
0	
0	
0	
1	
2	
3	
2	
2	
4	
1	
0	
1	
1	
3	
1	
2	
1	
0	
1	
0	
1	
2	
1	
1	
0	
1	
2	
0	
3	
1	
0	
1	
0	
2	
1	
1	
2	
3	
2	
1	
0	
1	
1	
2	
0	
0	
0	
1	
2	
0	
2	
0	
0	
0	
1	
0	
1	
1	
1	
0	
1	
0	
0	
2	
1	
1	
1	
0	
0	
3	
0	
0	
1	
2	
0	
0	
0	
2	
1	
0	
1	
3	
2	
0	
3	
0	
0	
0	
0	
1	
0	
1	
0	
0	
0	
0	
1	
1	
0	
0	
0	
0	
0	
1	
3	
1	
0	
0	
0	
2	
0	
1	
1	
1	
0	
3	
1	
0	
1	
1	
2	
0	
0	
2	
1	
1	
0	
0	
1	
1	
1	
0	
2	
1	
2	
1	
0	
0	
0	
0	
0	
1	
0	
0	
1	
3	
3	
0	
1	
0	
0	
2	
0	
0	
2	
3	
2	
1	
0	
0	
1	
1	
0	
0	
1	
0	
0	
0	
1	
0	
1	
0	
0	
0	
0	
1	
0	
1	
0	
1	
1	
1	
1	
0	
0	
1	
1	
1	
0	
0	
1	
1	
1	
1	
0	
0	
0	
0	
0	
0	
0	
1	
1	
0	
0	
0	
1	
0	
0	
0	
2	
1	
0	
1	
2	
2	
0	
2	
1	
2	
0	
0	
2	
0	
0	
0	
2	
0	
0	
0	
0	
0	
1	
1	
2	
1	
0	
1	
0	
1	
1	
1	
0	
0	
0	
1	
0	
0	
1	
0	
1	
0	
0	
1	
2	
1	
0	
0	
1	
0	
1	
0	
0	
0	
2	
0	
1	
0	
0	
0	
3	
1	
0	
1	
0	
1	
0	
0	
0	
0	
0	
0	
0	
1	
0	
0	
0	
2	
0	
2	
0	
1	
1	
0	
1	
2	
1	
1	
1	
1	
2	
2	
2	
4	
1	
0	
3	
0	
1	
0	
1	
1	
0	
1	
0	
1	
4	
3	
1	
3	
1	
2	
2	
0	
3	
1	
2	
4	
3	
7	
0	
2	
1	
1	
4	
3	
1	
1	
4	
1	
4	
2	
0	
2	
2	
1	
2	
3	
2	
5	
2	
0	
0	
1	
1	
4	
5	
1	
4	
1	
2	
3	
2	
3	
1	
3	
2	
2	
3	
1	
3	
1	
2	
1	
4	
3	
1	
3	
5	
5	
4	
4	
0	
1	
3	
3	
3	
3	
4	
4	
1	
7	
3	
4	
3	
2	
4	
6	
4	
3	
2	
7	
3	
3	
3	
3	
2	
4	
6	
4	
1	
1	
3	
3	
7	
1	
3	
1	
5	
6	
4	
2	
6	
1	
1	
3	
6	
6	
0	
1	
2	
3	
2	
3	
3	
4	
3	
5	
5	
1	
5	
4	
5	
1	
2	
3	
2	
3	
4	
2	
7	
2	
3	
3	
3	
9	
2	
2	
7	
5	
1	
6	
4	
3	
3	
6	
4	
1	
5	
6	
2	
4	
1	
1	
0	
3	
2	
3	
2	
2	
3	
2	
3	
2	
3	
2	
3	
5	
5	
2	
2	
4	
8	
4	
2	
2	
2	
3	
6	
4	
4	
2	
2	
1	
2	
3	
1	
7	
2	
4	
5	
4	
3	
1	
4	
4	
0	
2	
5	
5	
2	
1	
2	
4	
0	
3	
2	
3	
2	
4	
1	
2	
0	
5	
1	
1	
4	
0	
4	
5	
2	
4	
1	
3	
3	
3	
3	
3	
1	
2	
2	
2	
0	
1	
1	
1	
1	
3	
2	
3	
2	
2	
2	
4	
5	
4	
3	
1	
2	
4	
6	
1	
2	
2	
1	
2	
1	
4	
4	
3	
1	
2	
2	
3	
2	
0	
3	
1	
0	
3	
1	
2	
4	
0	
0	
3	
3	
2	
1	
1	
2	
2	
6	
2	
3	
1	
0	
3	
3	
1	
0	
6	
3	
0	
1	
5	
3	
1	
0	
1	
2	
1	
1	
3	
2	
2	
1	
3	
0	
1	
1	
2	
1	
2	
4	
1	
1	
1	
3	
2	
0	
2	
1	
2	
1	
3	
1	
2	
2	
2	
1	
0	
2	
3	
0	
2	
2	
5	
0	
1	
0	
1	
1	
2	
2	
0	
1	
2	
2	
0	
1	
2	
2	
0	
1	
1	
0	
1	
0	
2	
1	
2	
2	
0	
2	
1	
1	
2	
1	
0	
1	
3	
2	
0	
0	
1	
1	
2	
1	
2	
1	
2	
1	
4	
3	
2	
0	
0	
2	
2	
0	
2	
1	
2	
1	
0	
0	
2	
2	
1	
0	
0	
0	
0	
1	
0	
1	
3	
0	
3	
0	
0	
1	
1	
1	
0	
0	
0	
0	
2	
0	
1	
1	
0	
2	
1	
1	
3	
1	
1	
2	
0	
1	
1	
3	
0	
1	
1	
0	
1	
1	
0	
1	
2	
3	
3	
2	
1	
0	
0	
2	
0	
0	
2	
1	
1	
0	
0	
2	
1	
1	
2	
2	
2	
2	
3	
1	
2	
1	
0	
0	
2	
0	
0	
1	
0	
3	
0	
0	
1	
1	
1	
0	
1	
0	
1	
1	
3	
3	
1	
1	
0	
1	
0	
1	
0	
0	
1	
1	
0	
0	
0	
1	
0	
1	
0	
2	
0	
0	
1	
0	
1	
1	
1	
1	
2	
2	
1	
1	
1	
0	
1	
0	
1	
1	
0	
0	
0	
0	
1	
1	
0	
1	
0	
3	
2	
0	
1	
1	
1	
0	
0	
0	
0	
0	
0	
2	
0	
0	
2	
0	
0	
0	
0	
0	
0	
0	
0	
0	
0	
0	
3	
0	
1	
1	
1	
0	
0	
0	
0	
2	
1	
0	
0	
1	
0	
0	
0	
1	
1	
2	
2	
2	
0	
0	
1	
1	
1	
0	
0	
0	
1	
1	
1	
1	
1	
0	
1	
2	
1	
0	
0	
0	
0	
2	
0	
1	
0	
1	
0	
1	
0	
2	
0	
0	
1	
0	
0	
3	
0	
1	
1	
2	
1	
0	
1	
0	
0	
1	
0	
2	
0	
1	
1	
3	
0	
1	
1	
2	
1	
1	
3	
0	
0	
0	
0	
1	
2	
1	
1	
1	
2	
1	
1	
0	
2	
0	
1	
0	
0	
0	
0	
0	
0	
0	
3	
0	
0	
1	
1	
0	
1	
1	
1	
0	
0	
0	
0	
0	
2	
1	
1	
2	
0	
0	
0	
1	
0	
0	
0	
0	
0	
1	
1	
1	
0	
0	
0	
1	
0	
0	
0	
0	
2	
0	
1	
0	
1	
0	
1	
1	
1	
0	
0	
2	
0	
1	
0	
0	
0	
1	
0	
0	
0	
2	
2	
0	
1	
0	
0	
0	
0	
0	
0	
2	
0	
0	
2	
0	
0	
0	
0	
1	
1	
0	
0	
1	
1	
1	
0	
0	
1	
0	
0	
1	
0	
1	
1	
0	
1	
0	
0	
0	
0	
1	
0	
0	
0	
0	
0	
1	
0	
3	
0	
0	
2	
0	
0	
1	
0	
1	
1	
1	
1	
0	
1	
1	
0	
0	
0	
0	
0	
1	
0	
1	
0	
0	
0	
0	
1	
1	
1	
0	
0	
0	
0	
0	
0	
0	
0	
0	
0	
0	
1	
1	
0	
0	
0	
2	
0	
3	
0	
0	
0	
0	
0	
0	
0	
0	
1	
0	
0	
0	
0	
0	
1	
1	
0	
1	
0	
0	
0	
1	
0	
0	
0	
1	
0	
0	
0	
0	
0	
0	
0	
1	
0	
0	
0	
0	
0	
0	
0	
0	
1	
0	
0	
0	
0	
0	
1	
0	
1	
0	
1	
0	
0	
0	
2	
0	
0	
0	
0	
1	
0	
1	
0	
0	
0	
0	
0	
0	
0	
0	
0	
0	
0	
1	
0	
1	
0	
0	
0	
0	
0	
0	
0	
0	
0	
0	
0	
1	
0	
2	
0	
0	
0	
0	
1	
0	
0	
0	
0	
0	
0	
0	
0	
0	
0	
0	
1	
0	
0	
0	
0	
0	
0	
0	
1	
0	
0	
0	
3	
0	
0	
1	
1	
0	
1	
0	
0	
0	
0	
1	
1	
0	
0	
0	
0	
0	
0	
0	
1	
0	
0	
0	
0	
0	
0	
0	
0	
0	
0	
0	
0	
0	
0	
0	
0	
0	
0	
0	
0	
0	
0	
0	
0	
0	
0	
0	
0	
0	
0	
0	
0	
0	
1	
0	
0	
0	
0	
0	
0	
1	
2	
0	
0	
1	
0	
0	
0	
0	
0	
1	
0	
0	
0	
0	
0	
0	
0	
0	
0	
0	
0	
1	
0	
0	
0	
0	
0	
0	
0	
0	
0	
0	
0	
0	
0	
0	
0	
0	
0	
0	
0	
0	
0	
0	
0	
1	
0	
0	
0	
0	
0	
1	
0	
1	
0	
0	
0	
0	
0	
0	
0	
1	
0	
0	
0	
0	
0	
0	
0	
0	
0	
0	
0	
0	
0	
0	
0	
0	
0	
0	
0	
1	
1	
1	
0	
0	
0	
0	
1	
0	
1	
0	
0	
0	
0	
0	
0	
0	
0	
0	
0	
0	
0	
0	
0	
0	
1	
0	
0	
0	
0	
0	
0	
0	
0	
2	
0	
0	
0	
0	
0	
0	
0	
0	
0	
0	
0	
0	
0	
0	
0	
0	
0	
1	
0	
0	
0	
0	
0	
0	
0	
0	
1	
0	
0	
0	
0	
0	
0	
0	
0	
0	
0	
0	
0	
0	
0	
0	
0	
0	
0	
0	
0	
0	
0	
0	
0	
1	
0	
0	
0	
0	
0	
0	
0	
0	
0	
1	
0	
0	
0	
0	
0	
0	
0	
0	
0	
0	
0	
1	
0	
1	
1	
0	
0	
0	
0	
1	
0	
0	
0	
2	
0	
0	
0	
0	
1	
0	
0	
1	
0	
0	
0	
1	
0	
1	
0	
0	
0	
1	
0	
0	
0	
0	
1	
0	
0	
0	
0	
1	
0	
0	
0	
0	
0	
0	
0	
0	
0	
0	
0	
0	
0	
0	
0	
0	
0	
0	
0	
0	
0	
0	
0	
0	
0	
0	
0	
0	
0	
0	
0	
0	
0	
0	
0	
0	
0	
0	
0	
0	
0	
0	
0	
0	
0	
0	
0	
0	
0	
0	
0	
0	
0	
0	
0	
0	
0	
1	
0	
0	
0	
0	
0	
0	
0	
0	
0	
0	
0	
0	
0	
0	
0	
0	
0	
0	
0	
0	
0	
0	
0	
0	
0	
0	
1	
0	
0	
0	
0	
0	
0	
0	
0	
0	
0	
1	
2	
0	
0	
0	
0	
0	
0	
0	
0	
0	
0	
0	
0	
0	
0	
0	
0	
0	
1	
0	
0	
0	
0	
0	
0	
0	
0	
0	
0	
0	
0	
0	
0	
0	
0	
0	
0	
0	
0	
0	
0	
0	
0	
0	
0	
0	
0	
0	
0	
0	
0	
0	
0	
0	
0	
1	
0	
0	
0	
0	
0	
0	
0	
0	
0	
0	
0	
0	
0	
0	
0	
0	
0	
0	
0	
0	
1	
0	
0	
0	
0	
0	
1	
0	
0	
0	
0	
0	
0	
0	
0	
0	
1	
0	
1	
0	
0	
0	
0	
0	
0	
0	
1	
0	
0	
0	
0	
0	
0	
0	
0	
0	
0	
0	
0	
0	
0	
0	
0	
0	
0	
0	
0	
0	
0	
0	
0	
0	
0	
0	
0	
0	
0	
0	
0	
0	
0	
0	
0	
0	
0	
0	
0	
0	
0	
0	
0	
0	
0	
0	
0	
0	
0	
0	
0	
0	
0	
0	
0	
0	
0	
0	
0	
0	
0	
1	
0	
0	
0	
0	
0	
0	
0	
0	
0	
1	
1	
0	
0	
0	
0	
0	
0	
0	
1	
0	
0	
0	
0	
0	
0	
1	
0	
0	
0	
0	
0	
0	
0	
0	
0	
0	
0	
0	
0	
0	
1	
0	
0	
0	
0	
0	
0	
0	
0	
0	
0	
0	
0	
0	
0	
0	
0	
0	
0	
0	
0	
0	
0	
0	
0	
0	
0	
0	
0	
0	
0	
0	
1	
0	
0	
0	
0	
0	
0	
1	
0	
0	
0	
0	
0	
0	
0	
0	
0	
0	
0	
0	
0	
0	
0	
0	
0	
0	
1	
0	
0	
0	
0	
1	
0	
0	
1	
0	
0	
0	
0	
0	
0	
0	
0	
0	
0	
0	
0	
0	
0	
0	
0	
0	
0	
0	
0	
0	
0	
0	
0	
0	
1	
0	
0	
0	
0	
0	
0	
0	
0	
0	
0	
0	
0	
0	
0	
0	
0	
0	
0	
0	
0	
0	
0	
0	
0	
0	
0	
0	
0	
0	
0	
0	
0	
0	
0	
0	
0	
0	
0	
0	
0	
0	
0	
0	
1	
0	
0	
0	
0	
0	
0	
0	
0	
0	
0	
0	
0	
0	
0	
0	
0	
0	
0	
0	
0	
0	
0	
0	
0	
0	
0	
0	
0	
0	
0	
0	
0	
0	
0	
0	
0	
0	
0	
0	
0	
0	
0	
0	
0	
0	
0	
1	
0	
1	
0	
0	
0	
0	
1	
1	
0	
0	
0	
0	
1	
0	
1	
1	
0	
0	
0	
0	
0	
0	
0	
0	
0	
1	
1	
0	
0	
0	
0	
0	
0	
1	
0	
1	
0	
0	
0	
0	
0	
0	
0	
1	
0	
0	
0	
0	
0	
0	
1	
0	
0	
1	
0	
0	
1	
0	
0	
0	
0	
0	
0	
0	
0	
0	
0	
0	
0	
0	
0	
0	
0	
0	
2	
0	
0	
0	
0	
2	
1	
0	
0	
0	
0	
0	
0	
0	
0	
0	
0	
0	
0	
0	
0	
0	
0	
0	
0	
0	
0	
0	
0	
0	
1	
0	
0	
0	
0	
1	
0	
0	
0	
0	
0	
0	
0	
0	
0	
0	
0	
0	
0	
0	
0	
0	
0	
0	
0	
0	
0	
0	
0	
0	
0	
0	
0	
0	
0	
0	
0	
0	
1	
0	
0	
0	
0	
0	
0	
0	
0	
0	
0	
0	
0	
0	
0	
0	
0	
0	
1	
0	
0	
0	
0	
0	
0	
0	
0	
0	
0	
0	
0	
0	
0	
2	
0	
0	
1	
0	
0	
0	
0	
0	
0	
0	
0	
0	
0	
0	
0	
0	
0	
0	
0	
0	
0	
0	
0	
0	
0	
0	
0	
1	
0	
0	
0	
0	
0	
0	
0	
0	
0	
0	
1	
0	
0	
0	
0	
0	
0	
0	
0	
0	
0	
0	
0	
1	
0	
0	
0	
0	
0	
0	
0	
0	
1	
0	
0	
0	
2	
0	
0	
0	
0	
0	
0	
0	
0	
0	
0	
0	
0	
0	
0	
0	
0	
0	
1	
0	
0	
0	
0	
0	
0	
0	
0	
0	
0	
0	
1	
1	
0	
0	
0	
0	
0	
0	
0	
0	
0	
0	
0	
0	
0	
0	
0	
0	
0	
1	
0	
0	
0	
0	
0	
0	
0	
0	
0	
0	
0	
0	
0	
1	
0	
0	
0	
0	
0	
0	
0	
0	
0	
0	
0	
0	
0	
0	
0	
0	
0	
0	
0	
0	
1	
0	
0	
0	
0	
0	
0	
0	
1	
0	
0	
0	
0	
0	
0	
0	
0	
0	
0	
0	
0	
0	
0	
0	
0	
0	
0	
0	
1	
0	
0	
0	
0	
0	
0	
0	
1	
0	
0	
0	
1	
0	
0	
0	
0	
0	
0	
2	
0	
0	
0	
0	
0	
0	
0	
1	
1	
0	
0	
0	
1	
0	
0	
0	
0	
0	
0	
0	
1	
0	
0	
0	
0	
0	
0	
0	
0	
0	
0	
0	
0	
0	
0	
0	
0	
0	
0	
1	
1	
0	
1	
0	
0	
0	
0	
0	
0	
0	
0	
1	
2	
0	
0	
0	
0	
0	
3	
0	
0	
0	
0	
0	
0	
1	
1	
0	
0	
0	
1	
0	
0	
0	
0	
1	
0	
0	
0	
0	
0	
0	
0	
0	
0	
0	
0	
2	
0	
1	
0	
0	
0	
0	
0	
0	
0	
0	
0	
0	
0	
0	
0	
0	
0	
1	
0	
0	
1	
0	
0	
0	
0	
0	
0	
0	
0	
0	
0	
0	
0	
0	
0	
1	
0	
0	
0	
0	
0	
0	
0	
0	
0	
0	
0	
0	
0	
0	
0	
0	
0	
1	
0	
1	
0	
0	
0	
2	
0	
0	
0	
0	
1	
0	
1	
0	
0	
2	
0	
0	
2	
0	
0	
0	
0	
0	
0	
0	
0	
0	
0	
1	
0	
0	
0	
0	
0	
0	
0	
0	
0	
0	
0	
0	
0	
0	
0	
1	
0	
1	
0	
0	
0	
0	
0	
0	
0	
0	
0	
0	
0	
0	
2	
0	
0	
0	
0	
0	
0	
0	
0	
0	
0	
0	
0	
0	
0	
0	
0	
0	
0	
0	
0	
0	
0	
0	
0	
0	
0	
0	
0	
0	
0	
0	
1	
0	
0	
0	
0	
0	
0	
0	
1	
0	
0	
1	
0	
0	
2	
0	
0	
0	
0	
0	
1	
0	
0	
0	
0	
0	
0	
0	
1	
0	
0	
0	
0	
0	
1	
0	
0	
1	
0	
0	
0	
0	
0	
0	
0	
0	
1	
0	
0	
0	
0	
1	
1	
0	
1	
0	
0	
0	
1	
0	
1	
0	
1	
1	
0	
1	
0	
0	
0	
0	
0	
0	
0	
0	
0	
0	
0	
0	
1	
0	
0	
0	
0	
0	
1	
0	
0	
1	
0	
0	
1	
0	
1	
0	
0	
1	
0	
1	
1	
0	
0	
0	
0	
0	
1	
0	
1	
0	
0	
0	
0	
1	
0	
1	
0	
0	
0	
0	
0	
0	
0	
0	
1	
0	
0	
0	
2	
1	
1	
0	
1	
0	
0	
1	
0	
0	
0	
1	
0	
0	
0	
0	
0	
0	
0	
0	
0	
1	
0	
0	
0	
0	
0	
1	
0	
0	
1	
0	
1	
0	
0	
0	
0	
0	
0	
1	
0	
0	
0	
0	
0	
0	
0	
1	
0	
0	
0	
0	
0	
0	
0	
0	
0	
0	
0	
0	
0	
0	
0	
0	
0	
0	
0	
1	
1	
0	
0	
0	
0	
0	
0	
0	
0	
0	
1	
0	
0	
0	
0	
0	
0	
0	
1	
0	
1	
1	
0	
0	
0	
0	
0	
1	
0	
0	
0	
0	
0	
0	
0	
0	
0	
1	
0	
1	
0	
1	
0	
0	
0	
0	
0	
0	
2	
0	
0	
1	
0	
3	
0	
0	
0	
0	
0	
0	
0	
0	
1	
1	
0	
1	
1	
0	
0	
0	
0	
0	
0	
0	
0	
0	
0	
1	
0	
0	
1	
0	
0	
1	
1	
0	
0	
1	
0	
1	
