#PicoHarp 300  Histogram Data			28/04/2023 09:46:18 AM
#channels per curve
5000
#display curve no.
0	
#memory block no.
0	
#ns/channel
0.0080	
#counts
0	
0	
0	
0	
0	
0	
0	
0	
0	
0	
1	
0	
0	
0	
0	
0	
0	
0	
0	
0	
0	
0	
0	
0	
0	
0	
0	
0	
0	
0	
0	
0	
0	
0	
0	
0	
0	
0	
0	
0	
0	
0	
0	
0	
0	
0	
0	
0	
0	
0	
0	
0	
0	
0	
0	
0	
0	
0	
0	
0	
0	
0	
0	
0	
0	
0	
0	
0	
0	
0	
0	
0	
0	
0	
0	
1	
0	
0	
0	
0	
0	
0	
0	
0	
0	
0	
0	
0	
0	
0	
0	
0	
0	
0	
0	
0	
0	
0	
0	
0	
0	
0	
0	
1	
0	
0	
0	
0	
0	
0	
0	
0	
0	
0	
0	
0	
0	
0	
0	
0	
0	
0	
0	
0	
0	
0	
0	
0	
0	
0	
0	
0	
0	
0	
0	
0	
0	
0	
0	
0	
0	
0	
1	
0	
0	
0	
0	
0	
0	
0	
0	
0	
0	
0	
0	
0	
0	
0	
0	
0	
0	
0	
0	
0	
0	
0	
0	
0	
0	
1	
0	
0	
0	
0	
0	
0	
0	
0	
0	
0	
0	
0	
0	
0	
0	
0	
0	
0	
0	
0	
0	
0	
1	
0	
0	
0	
0	
0	
0	
0	
0	
0	
0	
0	
0	
0	
0	
0	
0	
0	
0	
0	
0	
0	
0	
0	
1	
0	
0	
0	
0	
1	
0	
0	
0	
0	
0	
0	
0	
0	
0	
0	
0	
0	
0	
0	
0	
0	
0	
0	
0	
0	
0	
0	
0	
0	
0	
0	
0	
1	
0	
0	
0	
1	
0	
0	
1	
0	
0	
0	
0	
0	
0	
0	
0	
0	
0	
0	
0	
0	
0	
0	
0	
1	
0	
0	
0	
0	
0	
0	
0	
0	
0	
0	
1	
0	
1	
0	
0	
0	
0	
0	
0	
0	
0	
0	
0	
0	
0	
0	
0	
0	
0	
0	
0	
0	
0	
0	
0	
0	
0	
0	
0	
0	
0	
0	
0	
0	
0	
0	
0	
0	
0	
0	
0	
0	
0	
0	
0	
0	
0	
0	
0	
0	
0	
0	
0	
0	
0	
0	
0	
0	
0	
0	
0	
0	
0	
0	
0	
0	
0	
0	
1	
0	
0	
0	
0	
0	
0	
0	
0	
0	
0	
0	
0	
0	
0	
0	
0	
0	
0	
1	
0	
0	
0	
0	
0	
0	
0	
0	
0	
0	
0	
0	
0	
0	
0	
0	
0	
0	
0	
0	
1	
0	
0	
0	
0	
0	
0	
1	
0	
0	
0	
0	
0	
0	
0	
0	
0	
0	
0	
0	
0	
0	
0	
0	
0	
0	
0	
0	
0	
0	
0	
0	
0	
0	
0	
0	
0	
0	
0	
0	
0	
0	
0	
0	
0	
0	
0	
0	
0	
0	
0	
0	
0	
0	
1	
0	
0	
0	
1	
0	
0	
0	
0	
0	
0	
0	
0	
0	
0	
1	
0	
0	
1	
0	
0	
0	
0	
0	
1	
0	
0	
0	
0	
0	
0	
0	
0	
0	
0	
0	
0	
0	
0	
0	
0	
0	
0	
0	
1	
0	
0	
0	
0	
0	
0	
0	
0	
1	
0	
0	
1	
0	
0	
0	
0	
0	
0	
0	
0	
1	
0	
0	
0	
0	
0	
0	
0	
0	
0	
0	
0	
0	
1	
0	
0	
0	
0	
0	
0	
0	
0	
0	
0	
0	
0	
0	
0	
0	
0	
0	
0	
0	
0	
0	
0	
0	
0	
0	
0	
0	
1	
0	
0	
0	
0	
0	
0	
0	
0	
0	
0	
0	
0	
0	
0	
0	
0	
0	
0	
0	
1	
0	
0	
0	
0	
0	
0	
0	
0	
0	
0	
0	
0	
0	
0	
0	
0	
0	
0	
1	
0	
1	
0	
0	
0	
0	
0	
0	
0	
0	
0	
0	
0	
1	
0	
0	
0	
0	
0	
1	
0	
1	
0	
0	
1	
0	
0	
0	
0	
0	
0	
0	
0	
0	
0	
0	
0	
0	
0	
0	
0	
0	
0	
0	
0	
0	
0	
0	
0	
0	
0	
0	
0	
0	
0	
0	
0	
0	
1	
0	
0	
1	
0	
1	
0	
0	
0	
0	
0	
1	
0	
0	
0	
0	
0	
0	
0	
0	
0	
0	
0	
0	
0	
0	
0	
0	
0	
0	
0	
0	
0	
1	
0	
0	
0	
0	
0	
0	
0	
0	
0	
0	
1	
0	
0	
0	
0	
0	
0	
0	
0	
0	
0	
1	
0	
0	
0	
0	
0	
0	
0	
0	
0	
0	
0	
0	
0	
0	
0	
0	
0	
0	
0	
0	
0	
0	
0	
0	
0	
0	
0	
0	
0	
0	
0	
0	
0	
0	
0	
0	
0	
0	
0	
0	
0	
0	
1	
0	
0	
0	
0	
0	
0	
0	
0	
0	
0	
1	
0	
0	
1	
0	
0	
0	
0	
0	
0	
0	
0	
0	
1	
0	
0	
0	
0	
0	
0	
0	
0	
0	
0	
1	
0	
0	
0	
0	
0	
0	
0	
0	
0	
0	
1	
0	
0	
1	
1	
0	
0	
0	
2	
0	
0	
1	
0	
0	
2	
2	
4	
0	
0	
3	
2	
2	
2	
2	
2	
5	
7	
9	
8	
12	
16	
15	
35	
48	
88	
140	
241	
477	
862	
1480	
2223	
3312	
4287	
5491	
6337	
7331	
7718	
8166	
8593	
9025	
9146	
9574	
9548	
9654	
9723	
9579	
9783	
9855	
9780	
9757	
9781	
10000	
9924	
9845	
9767	
9793	
9759	
9772	
9720	
9846	
9786	
9551	
9667	
9448	
9848	
9720	
9623	
9617	
9771	
9798	
9738	
9657	
9474	
9598	
9605	
9520	
9489	
9509	
9631	
9634	
9514	
9685	
9661	
9667	
9449	
9480	
9513	
9529	
9562	
9614	
9459	
9610	
9528	
9397	
9287	
9442	
9377	
9403	
9444	
9303	
9389	
9232	
9624	
9390	
9320	
9373	
9174	
9283	
9054	
9191	
9055	
9204	
8998	
9070	
8944	
9119	
9065	
9088	
8955	
9025	
8796	
9019	
8856	
8775	
8906	
8920	
8933	
8923	
8758	
8878	
8862	
8762	
8894	
8797	
8593	
8669	
8673	
8602	
8679	
8691	
8702	
8737	
8528	
8619	
8653	
8528	
8635	
8629	
8528	
8648	
8482	
8401	
8423	
8421	
8450	
8456	
8411	
8397	
8224	
8320	
8309	
8199	
8216	
8080	
8199	
8149	
8205	
8115	
8177	
8054	
8185	
8142	
8138	
8077	
8032	
7881	
8058	
7946	
7869	
8057	
7979	
7927	
7977	
7938	
7955	
8064	
7868	
7823	
7956	
7725	
7784	
7733	
7914	
7680	
7712	
7569	
7724	
7672	
7532	
7652	
7597	
7580	
7737	
7601	
7548	
7589	
7478	
7614	
7477	
7611	
7697	
7529	
7505	
7517	
7410	
7501	
7283	
7335	
7351	
7440	
7203	
7305	
7458	
7388	
7158	
7204	
7109	
7328	
7271	
7353	
7306	
7080	
7329	
7299	
7112	
7105	
7120	
7118	
7273	
6992	
7056	
7043	
7117	
6954	
7066	
7034	
7088	
7061	
7055	
6948	
6861	
6983	
6809	
6933	
6906	
6937	
6816	
6814	
6715	
6847	
6773	
6805	
6749	
6628	
6748	
6809	
6709	
6693	
6748	
6656	
6744	
6747	
6655	
6547	
6703	
6613	
6619	
6500	
6614	
6691	
6524	
6578	
6473	
6493	
6428	
6487	
6449	
6486	
6353	
6159	
6381	
6392	
6187	
6325	
6483	
6235	
6216	
6181	
6313	
6318	
6242	
6335	
6109	
6346	
6178	
6244	
6017	
6192	
6238	
6019	
6194	
6063	
6129	
6050	
6040	
6038	
6209	
6041	
6023	
6138	
6075	
6022	
5967	
6219	
5977	
5925	
6032	
5772	
6025	
5969	
6028	
5880	
5759	
5812	
5804	
5919	
5938	
5847	
5842	
5811	
5762	
5760	
5739	
5807	
5761	
5820	
5661	
5754	
5755	
5685	
5758	
5687	
5610	
5629	
5674	
5621	
5473	
5575	
5626	
5543	
5614	
5583	
5505	
5444	
5519	
5440	
5608	
5596	
5350	
5372	
5462	
5510	
5364	
5351	
5378	
5542	
5464	
5446	
5411	
5423	
5316	
5276	
5456	
5418	
5371	
5273	
5330	
5281	
5192	
5077	
5325	
5157	
5184	
5315	
5153	
5260	
5132	
5075	
5137	
5160	
5193	
5169	
5118	
5088	
5193	
5140	
5003	
5041	
5173	
4959	
5046	
5067	
5006	
4997	
5036	
4932	
4928	
4924	
5009	
5033	
4961	
4960	
5003	
4872	
4781	
5024	
4886	
4945	
4797	
4757	
4892	
4781	
4742	
4800	
4827	
4827	
4785	
4635	
4785	
4706	
4703	
4762	
4673	
4791	
4723	
4694	
4703	
4745	
4675	
4643	
4692	
4517	
4675	
4496	
4748	
4565	
4584	
4519	
4622	
4594	
4617	
4497	
4447	
4429	
4557	
4505	
4482	
4535	
4468	
4484	
4417	
4328	
4394	
4401	
4492	
4466	
4464	
4326	
4532	
4315	
4379	
4363	
4490	
4289	
4325	
4343	
4382	
4426	
4340	
4257	
4216	
4303	
4305	
4351	
4237	
4275	
4237	
4120	
4216	
4282	
4266	
4194	
4098	
4151	
4121	
4085	
4208	
4206	
4092	
3962	
4268	
4117	
4081	
4009	
4136	
3998	
4067	
4153	
4135	
4105	
4114	
3992	
3992	
4083	
4002	
3944	
4042	
3904	
4025	
3928	
3944	
3926	
4055	
4059	
3957	
3963	
3984	
3998	
3869	
3798	
3968	
3899	
3877	
3830	
3899	
3871	
3687	
3806	
3760	
3773	
3839	
3762	
3863	
3752	
3831	
3731	
3710	
3690	
3753	
3763	
3729	
3745	
3815	
3795	
3746	
3706	
3599	
3658	
3618	
3750	
3565	
3690	
3765	
3635	
3668	
3690	
3607	
3520	
3573	
3550	
3605	
3598	
3752	
3617	
3584	
3543	
3553	
3545	
3506	
3547	
3585	
3567	
3532	
3522	
3429	
3472	
3403	
3449	
3432	
3477	
3577	
3427	
3546	
3538	
3464	
3470	
3414	
3368	
3294	
3432	
3383	
3428	
3360	
3417	
3289	
3396	
3397	
3366	
3387	
3445	
3358	
3389	
3272	
3260	
3366	
3261	
3237	
3283	
3331	
3403	
3284	
3307	
3274	
3199	
3216	
3257	
3232	
3152	
3161	
3159	
3303	
3173	
3091	
3255	
3269	
3153	
3159	
3149	
3091	
3223	
3168	
3099	
3156	
3175	
3192	
3115	
3070	
3111	
3048	
3053	
3183	
3069	
3055	
3138	
3100	
3065	
2883	
2922	
2955	
3042	
3016	
3031	
2977	
3013	
2958	
3025	
2982	
3071	
2965	
2992	
2930	
2891	
2967	
2981	
2926	
3013	
2895	
2965	
2912	
2998	
2952	
2881	
2920	
2932	
2862	
2885	
2820	
2784	
2937	
2951	
2851	
2827	
2808	
2817	
2802	
2712	
2746	
2913	
2852	
2861	
2714	
2756	
2757	
2746	
2801	
2786	
2650	
2663	
2704	
2738	
2718	
2711	
2727	
2774	
2766	
2732	
2704	
2693	
2666	
2705	
2659	
2635	
2633	
2735	
2654	
2689	
2644	
2607	
2598	
2584	
2691	
2680	
2660	
2626	
2619	
2572	
2540	
2472	
2554	
2535	
2561	
2566	
2537	
2525	
2574	
2573	
2554	
2557	
2591	
2524	
2508	
2591	
2531	
2461	
2589	
2487	
2500	
2422	
2582	
2539	
2439	
2531	
2473	
2454	
2466	
2421	
2423	
2505	
2406	
2412	
2509	
2436	
2382	
2434	
2446	
2406	
2475	
2360	
2422	
2397	
2349	
2495	
2350	
2322	
2404	
2315	
2344	
2375	
2362	
2381	
2339	
2317	
2327	
2346	
2343	
2314	
2287	
2282	
2377	
2344	
2259	
2272	
2289	
2354	
2247	
2231	
2299	
2276	
2201	
2263	
2258	
2317	
2171	
2198	
2256	
2175	
2214	
2192	
2247	
2237	
2164	
2225	
2196	
2244	
2180	
2164	
2262	
2258	
2159	
2137	
2219	
2159	
2228	
2236	
2161	
2232	
2114	
2130	
2125	
2159	
2146	
2057	
2125	
2098	
2092	
2147	
2131	
2079	
2109	
1998	
2085	
2094	
2030	
1988	
2032	
2070	
2028	
2021	
2056	
1996	
2107	
2004	
2030	
1960	
2121	
2075	
2050	
1987	
2044	
2049	
1991	
1998	
2021	
1967	
2033	
1947	
1986	
2021	
2010	
1917	
1957	
1996	
1921	
1979	
1923	
1921	
1958	
1881	
2014	
1885	
1949	
1912	
1976	
1961	
1867	
1946	
1860	
1976	
1936	
1934	
1867	
1879	
1837	
1847	
1854	
1845	
1848	
1861	
1851	
1832	
1821	
1874	
1834	
1868	
1818	
1772	
1835	
1883	
1824	
1815	
1794	
1774	
1803	
1880	
1867	
1846	
1792	
1787	
1779	
1776	
1836	
1779	
1671	
1733	
1693	
1713	
1816	
1753	
1666	
1727	
1795	
1685	
1711	
1726	
1667	
1668	
1745	
1732	
1700	
1698	
1691	
1702	
1747	
1730	
1652	
1638	
1701	
1600	
1635	
1684	
1668	
1700	
1549	
1631	
1713	
1628	
1666	
1689	
1613	
1611	
1562	
1517	
1635	
1634	
1677	
1645	
1633	
1589	
1583	
1636	
1603	
1625	
1621	
1570	
1639	
1597	
1589	
1649	
1606	
1561	
1540	
1557	
1573	
1526	
1569	
1574	
1606	
1547	
1573	
1540	
1602	
1561	
1600	
1579	
1506	
1525	
1554	
1538	
1481	
1475	
1521	
1525	
1503	
1513	
1471	
1459	
1482	
1574	
1486	
1470	
1505	
1545	
1459	
1434	
1431	
1412	
1441	
1412	
1452	
1455	
1448	
1366	
1495	
1444	
1492	
1473	
1439	
1400	
1449	
1452	
1464	
1359	
1390	
1383	
1404	
1430	
1394	
1401	
1458	
1336	
1370	
1453	
1427	
1376	
1341	
1394	
1362	
1422	
1309	
1401	
1336	
1332	
1371	
1431	
1360	
1356	
1324	
1344	
1402	
1330	
1354	
1322	
1338	
1361	
1336	
1336	
1390	
1315	
1301	
1267	
1336	
1281	
1307	
1356	
1337	
1263	
1343	
1270	
1313	
1311	
1334	
1261	
1262	
1251	
1278	
1262	
1251	
1251	
1218	
1291	
1271	
1251	
1322	
1246	
1221	
1342	
1247	
1235	
1274	
1247	
1247	
1244	
1273	
1263	
1194	
1248	
1224	
1234	
1230	
1189	
1210	
1261	
1136	
1232	
1219	
1201	
1223	
1217	
1254	
1177	
1182	
1149	
1190	
1201	
1205	
1231	
1200	
1188	
1219	
1234	
1191	
1130	
1084	
1105	
1162	
1168	
1151	
1116	
1145	
1199	
1177	
1141	
1136	
1157	
1171	
1164	
1134	
1212	
1133	
1136	
1195	
1162	
1136	
1153	
1038	
1139	
1187	
1118	
1125	
1128	
1094	
1141	
1105	
1090	
1049	
1093	
1040	
1073	
1079	
1084	
1074	
1108	
1091	
1061	
1149	
1107	
1016	
1060	
1090	
1134	
1074	
1031	
1087	
1065	
1027	
1114	
1055	
1075	
1078	
1038	
1124	
1051	
1052	
1043	
1066	
995	
989	
1024	
1025	
985	
1058	
995	
1016	
1041	
1021	
1043	
1034	
954	
1020	
1031	
1001	
979	
974	
1026	
1067	
962	
964	
939	
961	
1035	
986	
1021	
955	
994	
978	
940	
967	
987	
917	
972	
1009	
965	
967	
990	
976	
950	
941	
924	
947	
901	
1012	
940	
962	
1011	
930	
954	
895	
949	
908	
974	
912	
873	
917	
897	
915	
936	
942	
925	
918	
895	
941	
935	
930	
880	
891	
948	
956	
860	
871	
886	
857	
866	
888	
882	
852	
876	
859	
855	
833	
851	
871	
830	
865	
860	
822	
928	
847	
878	
867	
887	
872	
908	
848	
877	
884	
842	
856	
886	
883	
876	
843	
893	
842	
864	
848	
845	
838	
833	
854	
790	
793	
816	
814	
809	
822	
841	
812	
812	
824	
807	
747	
797	
830	
804	
770	
833	
775	
756	
768	
831	
810	
770	
813	
802	
796	
796	
754	
736	
791	
739	
776	
783	
778	
765	
764	
802	
751	
752	
803	
773	
746	
767	
779	
778	
801	
705	
770	
757	
705	
743	
770	
722	
728	
715	
739	
731	
767	
733	
732	
728	
668	
764	
754	
732	
672	
737	
712	
721	
703	
750	
741	
705	
682	
748	
710	
693	
729	
715	
686	
694	
697	
693	
659	
687	
691	
683	
677	
649	
679	
725	
700	
734	
652	
701	
714	
671	
701	
734	
656	
653	
651	
709	
649	
668	
662	
664	
689	
669	
646	
623	
669	
697	
687	
675	
691	
644	
695	
650	
648	
656	
597	
651	
649	
601	
622	
643	
678	
611	
619	
671	
632	
607	
653	
633	
639	
607	
658	
621	
643	
604	
619	
651	
653	
663	
618	
625	
642	
630	
575	
641	
595	
667	
619	
637	
623	
671	
614	
617	
608	
643	
640	
598	
628	
629	
593	
588	
649	
604	
604	
596	
603	
561	
547	
572	
613	
593	
566	
528	
547	
568	
566	
584	
588	
560	
560	
620	
576	
544	
559	
562	
535	
582	
569	
546	
586	
562	
542	
554	
556	
551	
554	
591	
543	
525	
576	
516	
581	
513	
538	
570	
571	
554	
577	
531	
540	
564	
522	
529	
487	
529	
531	
583	
530	
497	
530	
544	
537	
518	
548	
525	
505	
533	
542	
502	
475	
528	
524	
524	
493	
499	
521	
523	
497	
495	
541	
498	
543	
507	
530	
472	
514	
508	
508	
535	
508	
511	
542	
463	
489	
491	
478	
493	
501	
489	
506	
492	
488	
464	
491	
497	
468	
486	
452	
495	
516	
482	
448	
495	
478	
477	
478	
471	
484	
470	
483	
469	
470	
463	
527	
506	
477	
477	
488	
461	
458	
478	
466	
481	
464	
445	
486	
461	
454	
485	
466	
454	
432	
434	
459	
449	
425	
411	
421	
420	
458	
462	
417	
423	
427	
436	
425	
428	
467	
447	
441	
383	
440	
400	
373	
422	
442	
472	
408	
453	
456	
437	
455	
418	
400	
445	
404	
408	
430	
452	
447	
409	
425	
428	
404	
401	
411	
462	
402	
439	
392	
426	
397	
431	
391	
398	
456	
425	
403	
423	
407	
404	
406	
392	
369	
375	
393	
414	
394	
401	
370	
369	
418	
380	
414	
394	
405	
380	
383	
370	
372	
415	
396	
430	
421	
370	
415	
370	
390	
366	
388	
384	
389	
366	
378	
357	
389	
400	
397	
419	
371	
385	
355	
363	
389	
343	
350	
373	
342	
380	
396	
410	
381	
387	
362	
377	
359	
358	
368	
345	
355	
378	
373	
357	
386	
346	
340	
337	
357	
383	
364	
338	
370	
360	
347	
354	
378	
353	
308	
343	
351	
350	
348	
334	
407	
340	
380	
321	
342	
348	
347	
342	
367	
365	
346	
322	
305	
347	
355	
355	
323	
324	
350	
326	
315	
332	
358	
308	
334	
342	
316	
313	
341	
306	
294	
309	
348	
306	
321	
328	
320	
302	
309	
324	
317	
319	
299	
331	
307	
308	
353	
328	
303	
324	
296	
308	
302	
304	
286	
312	
331	
310	
304	
299	
341	
319	
297	
272	
332	
314	
312	
327	
299	
326	
303	
306	
327	
313	
276	
324	
293	
285	
244	
299	
310	
322	
295	
279	
271	
308	
313	
293	
271	
290	
305	
281	
257	
349	
272	
293	
275	
278	
296	
265	
303	
285	
296	
276	
270	
261	
272	
293	
269	
276	
253	
296	
254	
279	
269	
260	
295	
283	
260	
273	
249	
268	
256	
285	
279	
243	
288	
258	
266	
256	
270	
274	
260	
261	
256	
274	
282	
252	
277	
270	
285	
270	
309	
258	
265	
250	
248	
258	
277	
242	
252	
261	
274	
250	
228	
280	
286	
244	
232	
272	
256	
253	
258	
246	
246	
259	
257	
252	
238	
230	
243	
296	
255	
266	
231	
256	
226	
236	
247	
236	
251	
239	
213	
243	
267	
254	
221	
267	
239	
244	
240	
264	
238	
218	
252	
231	
224	
234	
235	
246	
233	
262	
222	
220	
228	
244	
254	
223	
250	
271	
211	
232	
214	
251	
236	
237	
225	
229	
195	
222	
218	
217	
208	
211	
209	
199	
216	
242	
211	
231	
236	
233	
209	
250	
219	
229	
233	
212	
206	
211	
200	
227	
230	
213	
217	
204	
235	
212	
205	
223	
196	
223	
228	
223	
223	
201	
214	
211	
207	
243	
205	
225	
188	
227	
227	
208	
187	
203	
212	
196	
218	
187	
217	
205	
233	
201	
198	
195	
175	
182	
216	
194	
231	
201	
206	
195	
207	
200	
183	
182	
196	
186	
198	
200	
201	
198	
200	
206	
183	
174	
180	
182	
193	
209	
190	
204	
203	
177	
189	
201	
200	
218	
175	
173	
196	
183	
210	
181	
176	
190	
165	
188	
200	
178	
201	
173	
190	
153	
184	
192	
177	
177	
176	
182	
169	
194	
193	
177	
189	
186	
177	
188	
187	
149	
189	
184	
162	
169	
208	
170	
165	
180	
204	
184	
177	
149	
166	
165	
177	
164	
176	
166	
162	
159	
174	
170	
179	
157	
166	
166	
192	
170	
155	
158	
165	
150	
173	
177	
143	
154	
170	
182	
185	
155	
166	
173	
152	
174	
166	
171	
173	
163	
172	
142	
169	
178	
170	
151	
141	
170	
152	
168	
147	
151	
150	
157	
134	
158	
159	
164	
152	
153	
149	
150	
153	
152	
158	
154	
171	
137	
167	
134	
138	
148	
135	
161	
149	
155	
149	
138	
155	
150	
125	
127	
138	
135	
147	
142	
142	
150	
156	
126	
146	
164	
140	
144	
166	
138	
145	
126	
130	
129	
155	
144	
129	
149	
146	
141	
137	
135	
145	
158	
127	
134	
138	
156	
142	
145	
139	
122	
120	
144	
133	
132	
168	
143	
150	
111	
123	
125	
138	
129	
134	
132	
128	
135	
147	
146	
128	
131	
133	
143	
142	
136	
144	
111	
154	
127	
118	
140	
137	
144	
127	
158	
123	
126	
137	
118	
105	
117	
142	
143	
116	
129	
103	
151	
152	
126	
118	
134	
115	
152	
130	
124	
126	
129	
116	
107	
111	
125	
125	
121	
138	
111	
122	
120	
132	
101	
120	
114	
129	
127	
137	
137	
124	
111	
111	
125	
125	
110	
126	
110	
115	
114	
128	
133	
128	
133	
121	
124	
119	
136	
129	
100	
136	
105	
120	
139	
100	
106	
115	
127	
91	
101	
120	
111	
115	
109	
118	
100	
122	
128	
106	
84	
96	
96	
121	
124	
111	
106	
100	
89	
116	
117	
113	
96	
113	
103	
114	
119	
116	
117	
82	
109	
98	
109	
125	
93	
91	
119	
109	
101	
90	
93	
104	
84	
118	
109	
124	
93	
103	
97	
77	
106	
101	
101	
105	
104	
111	
115	
94	
102	
107	
87	
134	
94	
94	
117	
94	
100	
91	
125	
96	
89	
98	
87	
95	
97	
86	
93	
80	
114	
99	
96	
94	
100	
85	
99	
93	
79	
104	
95	
109	
93	
95	
109	
109	
99	
97	
100	
97	
102	
85	
88	
70	
87	
94	
88	
95	
92	
104	
74	
76	
88	
83	
94	
84	
100	
96	
112	
88	
90	
93	
95	
86	
99	
90	
97	
108	
94	
78	
82	
105	
107	
119	
82	
95	
90	
97	
96	
113	
90	
75	
83	
86	
88	
86	
96	
75	
77	
86	
92	
84	
78	
92	
78	
93	
86	
87	
87	
82	
64	
72	
80	
87	
71	
82	
90	
83	
87	
84	
75	
87	
66	
84	
74	
94	
99	
73	
97	
85	
82	
77	
90	
83	
64	
82	
76	
72	
72	
86	
75	
76	
79	
102	
70	
70	
90	
75	
82	
74	
83	
67	
80	
82	
62	
71	
86	
77	
78	
78	
80	
72	
68	
72	
68	
86	
76	
72	
67	
89	
65	
72	
69	
72	
75	
76	
52	
72	
83	
81	
84	
79	
68	
74	
60	
82	
66	
77	
66	
74	
65	
83	
57	
64	
81	
72	
59	
71	
63	
65	
68	
79	
62	
71	
58	
78	
58	
71	
62	
75	
70	
66	
63	
71	
89	
60	
70	
67	
77	
63	
75	
57	
72	
53	
63	
56	
60	
72	
62	
52	
53	
69	
60	
68	
65	
69	
62	
70	
56	
51	
62	
71	
73	
61	
69	
53	
57	
62	
67	
52	
57	
78	
41	
57	
51	
68	
77	
64	
57	
58	
60	
53	
54	
63	
46	
66	
63	
49	
60	
69	
49	
68	
72	
63	
55	
65	
58	
73	
52	
58	
75	
49	
60	
65	
50	
53	
60	
57	
67	
53	
55	
55	
48	
48	
61	
62	
54	
61	
63	
56	
61	
52	
52	
69	
60	
55	
47	
50	
65	
79	
54	
46	
69	
54	
46	
56	
61	
53	
61	
55	
42	
53	
53	
49	
58	
52	
58	
47	
62	
54	
59	
50	
52	
41	
58	
42	
46	
44	
65	
64	
50	
51	
35	
45	
65	
65	
42	
46	
59	
42	
55	
64	
56	
41	
46	
48	
57	
41	
51	
54	
47	
52	
48	
56	
66	
50	
48	
52	
43	
54	
59	
44	
53	
54	
42	
55	
42	
63	
50	
53	
63	
51	
54	
41	
47	
50	
52	
35	
41	
40	
52	
47	
50	
29	
34	
51	
45	
57	
41	
58	
50	
46	
61	
37	
44	
47	
49	
42	
56	
55	
55	
52	
49	
46	
41	
41	
49	
51	
34	
47	
45	
61	
38	
33	
40	
52	
42	
58	
50	
42	
45	
42	
42	
46	
43	
46	
41	
41	
30	
38	
39	
54	
47	
38	
40	
34	
47	
48	
61	
39	
36	
51	
36	
44	
41	
46	
33	
53	
54	
50	
41	
32	
35	
47	
38	
42	
41	
50	
36	
48	
44	
41	
35	
31	
41	
41	
34	
40	
41	
49	
48	
45	
49	
36	
26	
33	
35	
39	
30	
33	
29	
28	
34	
37	
46	
32	
33	
35	
46	
41	
42	
36	
46	
35	
36	
46	
44	
27	
48	
24	
35	
34	
46	
26	
42	
36	
29	
37	
36	
34	
39	
34	
47	
47	
40	
37	
39	
31	
37	
40	
37	
36	
35	
40	
42	
30	
37	
39	
40	
40	
32	
33	
42	
35	
36	
30	
42	
40	
35	
30	
22	
35	
34	
36	
40	
45	
39	
42	
35	
33	
32	
32	
32	
33	
36	
45	
28	
40	
34	
38	
30	
31	
29	
38	
39	
31	
34	
29	
35	
38	
38	
33	
36	
25	
36	
37	
34	
35	
35	
40	
32	
37	
35	
46	
38	
28	
28	
31	
32	
40	
29	
28	
33	
24	
30	
32	
36	
38	
24	
43	
33	
41	
34	
30	
44	
34	
33	
39	
27	
28	
37	
33	
26	
33	
32	
25	
30	
28	
31	
30	
32	
30	
38	
41	
31	
33	
26	
35	
29	
31	
29	
40	
27	
29	
26	
29	
27	
37	
21	
27	
36	
34	
34	
29	
38	
28	
26	
27	
26	
34	
32	
29	
30	
30	
25	
31	
15	
30	
30	
28	
28	
21	
35	
27	
38	
34	
36	
35	
34	
21	
27	
28	
26	
29	
32	
34	
31	
25	
21	
25	
42	
26	
26	
19	
30	
23	
30	
32	
26	
23	
23	
24	
29	
31	
24	
25	
26	
26	
28	
19	
27	
22	
17	
25	
25	
21	
21	
25	
37	
21	
28	
20	
25	
21	
26	
26	
24	
28	
20	
25	
27	
19	
27	
21	
26	
21	
28	
22	
26	
31	
22	
27	
24	
26	
18	
26	
24	
25	
24	
31	
26	
25	
14	
25	
19	
20	
22	
24	
25	
22	
27	
20	
28	
23	
15	
21	
27	
31	
23	
23	
31	
31	
17	
21	
27	
20	
33	
20	
23	
16	
23	
19	
33	
23	
18	
21	
18	
20	
14	
21	
17	
19	
25	
25	
23	
27	
25	
20	
15	
30	
27	
12	
25	
20	
13	
20	
16	
18	
18	
20	
17	
12	
25	
27	
25	
14	
23	
29	
17	
22	
31	
20	
23	
27	
13	
23	
14	
31	
19	
16	
24	
14	
19	
15	
17	
18	
35	
20	
24	
23	
27	
15	
29	
26	
23	
24	
24	
16	
16	
21	
19	
13	
20	
24	
25	
21	
19	
20	
17	
24	
15	
23	
19	
17	
17	
26	
23	
20	
25	
16	
24	
21	
17	
11	
17	
30	
15	
16	
12	
22	
18	
26	
15	
20	
18	
27	
23	
26	
21	
17	
17	
17	
19	
13	
9	
27	
28	
14	
14	
10	
15	
19	
17	
27	
22	
19	
10	
22	
21	
9	
24	
14	
24	
20	
18	
25	
15	
22	
12	
16	
17	
15	
15	
17	
23	
14	
19	
22	
21	
22	
19	
19	
13	
14	
19	
27	
14	
18	
16	
11	
18	
19	
14	
20	
17	
13	
10	
16	
14	
15	
16	
14	
6	
21	
13	
15	
17	
12	
14	
15	
17	
16	
19	
21	
14	
16	
18	
18	
12	
21	
19	
9	
19	
23	
24	
14	
25	
15	
9	
15	
14	
18	
11	
12	
19	
22	
19	
28	
12	
14	
12	
18	
15	
10	
12	
16	
19	
14	
20	
20	
11	
16	
19	
20	
18	
14	
13	
13	
12	
11	
11	
17	
18	
9	
11	
13	
9	
14	
11	
17	
22	
20	
21	
18	
10	
15	
14	
17	
16	
18	
24	
12	
15	
14	
11	
13	
11	
13	
8	
15	
12	
18	
8	
22	
15	
16	
10	
18	
12	
15	
13	
14	
15	
17	
22	
16	
11	
15	
18	
20	
14	
17	
20	
15	
12	
14	
10	
10	
10	
10	
15	
14	
15	
9	
10	
14	
14	
11	
20	
16	
14	
8	
12	
14	
14	
9	
15	
11	
8	
11	
11	
10	
12	
10	
7	
16	
12	
10	
12	
12	
10	
10	
17	
9	
10	
16	
8	
6	
15	
18	
11	
9	
12	
12	
14	
10	
10	
9	
13	
15	
15	
11	
13	
10	
15	
7	
7	
22	
15	
20	
8	
8	
10	
12	
6	
11	
17	
9	
13	
11	
7	
21	
11	
12	
15	
9	
10	
11	
18	
16	
12	
14	
12	
11	
11	
14	
6	
15	
7	
8	
8	
10	
11	
14	
10	
8	
8	
15	
18	
15	
7	
12	
12	
11	
9	
8	
16	
8	
8	
9	
12	
12	
9	
8	
17	
7	
9	
7	
12	
11	
9	
11	
8	
14	
7	
10	
11	
8	
9	
6	
13	
9	
10	
14	
12	
10	
10	
11	
9	
9	
16	
12	
8	
15	
6	
7	
6	
9	
8	
10	
12	
12	
13	
9	
8	
9	
8	
10	
9	
7	
8	
10	
5	
11	
16	
10	
10	
8	
7	
14	
9	
8	
11	
15	
8	
8	
10	
12	
9	
13	
7	
7	
7	
5	
9	
13	
6	
8	
9	
14	
12	
12	
6	
7	
10	
7	
9	
8	
11	
6	
7	
8	
15	
10	
14	
6	
5	
7	
2	
13	
10	
11	
11	
9	
9	
9	
12	
10	
10	
9	
11	
10	
3	
8	
6	
8	
8	
10	
7	
6	
8	
11	
8	
4	
8	
9	
12	
11	
7	
9	
9	
4	
8	
9	
12	
6	
11	
7	
13	
8	
6	
11	
8	
9	
7	
5	
4	
10	
8	
7	
9	
6	
7	
10	
3	
5	
8	
10	
5	
7	
8	
6	
6	
9	
7	
6	
9	
8	
7	
6	
8	
8	
5	
2	
8	
9	
9	
7	
8	
10	
7	
8	
6	
7	
5	
4	
6	
13	
6	
15	
16	
8	
9	
4	
11	
7	
2	
5	
9	
10	
6	
4	
7	
9	
5	
6	
7	
11	
4	
7	
2	
6	
7	
7	
12	
9	
5	
7	
7	
5	
9	
9	
8	
7	
13	
10	
6	
8	
10	
7	
4	
4	
6	
8	
2	
4	
8	
4	
10	
6	
9	
5	
6	
7	
8	
4	
5	
4	
8	
6	
6	
5	
4	
10	
11	
7	
6	
3	
6	
7	
8	
3	
7	
8	
9	
6	
9	
6	
2	
8	
7	
13	
8	
3	
5	
10	
9	
6	
6	
3	
9	
7	
3	
5	
9	
7	
5	
5	
6	
8	
2	
8	
7	
10	
5	
7	
7	
7	
5	
7	
3	
3	
4	
7	
6	
9	
4	
3	
11	
5	
11	
9	
6	
7	
9	
8	
8	
8	
5	
6	
5	
7	
2	
7	
9	
4	
6	
3	
5	
2	
5	
8	
5	
4	
6	
5	
6	
7	
6	
4	
6	
3	
3	
4	
4	
7	
4	
4	
7	
6	
4	
8	
2	
2	
5	
0	
12	
5	
3	
3	
7	
6	
5	
5	
4	
6	
5	
3	
5	
3	
8	
4	
3	
5	
2	
5	
5	
2	
4	
9	
5	
5	
5	
6	
5	
6	
6	
8	
6	
4	
3	
6	
7	
6	
4	
3	
5	
5	
4	
4	
5	
7	
4	
2	
1	
4	
4	
2	
2	
3	
4	
5	
8	
4	
1	
8	
4	
5	
4	
2	
7	
4	
3	
6	
4	
4	
5	
2	
2	
11	
5	
7	
5	
6	
5	
3	
2	
4	
5	
3	
2	
8	
5	
6	
4	
4	
4	
9	
4	
4	
5	
4	
4	
7	
7	
2	
2	
3	
3	
6	
5	
4	
5	
4	
6	
1	
6	
2	
7	
6	
5	
4	
2	
2	
8	
3	
2	
4	
3	
4	
3	
2	
4	
1	
2	
9	
5	
2	
1	
5	
6	
7	
4	
3	
5	
8	
5	
5	
5	
2	
2	
3	
3	
3	
1	
2	
1	
2	
3	
4	
5	
4	
7	
5	
4	
3	
6	
2	
2	
4	
3	
6	
4	
5	
3	
6	
4	
5	
7	
2	
5	
6	
4	
5	
5	
4	
3	
1	
5	
4	
4	
3	
5	
6	
3	
3	
2	
5	
2	
4	
4	
6	
7	
5	
4	
1	
3	
4	
3	
1	
6	
5	
5	
2	
3	
6	
3	
4	
3	
4	
1	
5	
1	
0	
6	
5	
2	
4	
3	
9	
3	
4	
3	
4	
6	
3	
6	
6	
3	
7	
3	
3	
1	
3	
2	
4	
2	
2	
2	
1	
2	
1	
2	
2	
1	
2	
1	
2	
1	
3	
3	
6	
1	
3	
4	
3	
3	
