#PicoHarp 300  Histogram Data			15/04/2023 05:42:50 PM
#channels per curve
7688
#display curve no.
0	
#memory block no.
0	
#ns/channel
0.0160	
#counts
0	
0	
0	
0	
1	
1	
0	
1	
0	
0	
1	
0	
0	
1	
0	
0	
1	
0	
0	
0	
0	
0	
0	
0	
0	
0	
0	
0	
0	
0	
0	
0	
1	
0	
0	
0	
0	
0	
0	
0	
1	
0	
0	
0	
0	
0	
1	
1	
0	
1	
1	
0	
0	
0	
1	
0	
0	
0	
0	
0	
0	
1	
0	
1	
1	
0	
0	
0	
0	
0	
0	
1	
0	
0	
1	
0	
0	
0	
0	
0	
1	
0	
0	
1	
1	
1	
0	
1	
0	
0	
0	
0	
0	
0	
0	
0	
0	
0	
0	
0	
0	
0	
0	
0	
0	
0	
0	
0	
0	
2	
0	
0	
0	
0	
0	
0	
0	
1	
0	
0	
1	
0	
1	
0	
0	
0	
0	
2	
0	
0	
0	
0	
0	
0	
0	
0	
0	
0	
0	
0	
0	
0	
0	
0	
0	
0	
0	
0	
0	
0	
0	
0	
0	
0	
0	
0	
0	
0	
0	
0	
0	
1	
0	
0	
0	
0	
0	
0	
0	
0	
0	
0	
0	
0	
0	
0	
2	
0	
0	
1	
0	
0	
0	
0	
1	
0	
0	
1	
0	
0	
0	
1	
0	
0	
0	
0	
0	
0	
0	
1	
0	
0	
0	
0	
0	
1	
0	
0	
0	
1	
0	
0	
0	
0	
1	
0	
0	
0	
0	
0	
2	
0	
0	
0	
0	
0	
0	
0	
0	
0	
0	
0	
0	
0	
1	
0	
0	
0	
0	
0	
0	
0	
0	
0	
0	
0	
0	
0	
2	
0	
0	
0	
1	
0	
1	
0	
0	
0	
0	
0	
0	
0	
2	
0	
0	
1	
0	
0	
0	
0	
0	
0	
0	
1	
1	
1	
0	
0	
0	
0	
0	
0	
1	
0	
0	
0	
0	
0	
1	
1	
0	
0	
0	
0	
0	
0	
1	
1	
0	
0	
0	
0	
1	
1	
0	
1	
0	
0	
0	
0	
1	
1	
0	
0	
0	
0	
0	
0	
0	
0	
0	
0	
0	
0	
0	
0	
0	
1	
0	
1	
0	
0	
0	
0	
0	
0	
0	
1	
0	
0	
0	
0	
0	
0	
0	
0	
0	
0	
0	
0	
0	
0	
1	
0	
0	
0	
0	
0	
0	
0	
0	
0	
0	
0	
0	
0	
0	
0	
0	
0	
0	
0	
1	
2	
0	
0	
0	
0	
0	
0	
0	
0	
0	
0	
0	
0	
0	
2	
0	
0	
0	
1	
0	
1	
0	
0	
1	
0	
0	
0	
0	
0	
0	
0	
0	
0	
0	
1	
0	
0	
0	
1	
0	
1	
1	
0	
0	
0	
0	
0	
1	
0	
0	
0	
0	
0	
0	
0	
1	
1	
0	
0	
0	
0	
0	
0	
0	
0	
0	
0	
0	
0	
0	
0	
0	
0	
0	
0	
0	
0	
1	
0	
0	
0	
0	
1	
0	
1	
0	
1	
0	
0	
1	
0	
0	
0	
0	
0	
0	
0	
1	
1	
1	
0	
0	
0	
0	
0	
0	
0	
0	
1	
0	
0	
0	
1	
2	
0	
0	
0	
0	
0	
0	
0	
0	
0	
0	
0	
0	
2	
0	
1	
0	
0	
0	
0	
0	
0	
0	
0	
0	
0	
0	
0	
0	
0	
2	
1	
0	
1	
0	
2	
0	
0	
0	
0	
1	
1	
0	
1	
3	
1	
0	
1	
1	
1	
0	
2	
0	
1	
2	
0	
1	
1	
1	
1	
0	
0	
0	
0	
1	
1	
0	
0	
0	
0	
1	
0	
0	
0	
0	
0	
0	
0	
0	
1	
0	
0	
1	
1	
0	
0	
0	
0	
0	
0	
0	
0	
0	
0	
0	
2	
0	
0	
0	
1	
0	
0	
0	
0	
1	
0	
0	
0	
0	
0	
1	
0	
0	
0	
0	
0	
0	
0	
0	
0	
1	
0	
0	
0	
1	
0	
0	
0	
0	
0	
0	
3	
2	
0	
0	
0	
0	
0	
0	
0	
0	
0	
0	
1	
0	
1	
0	
1	
0	
0	
0	
0	
0	
2	
1	
0	
1	
0	
0	
0	
1	
2	
0	
0	
0	
3	
3	
1	
2	
2	
5	
2	
5	
5	
4	
5	
1	
3	
2	
0	
1	
2	
3	
1	
0	
1	
1	
2	
1	
0	
0	
1	
0	
2	
1	
1	
0	
0	
0	
0	
0	
0	
3	
0	
0	
2	
1	
0	
0	
0	
0	
3	
2	
2	
0	
0	
2	
5	
7	
14	
21	
35	
34	
33	
42	
43	
43	
22	
19	
9	
6	
5	
4	
1	
2	
0	
0	
1	
2	
1	
5	
2	
2	
0	
0	
1	
1	
0	
0	
2	
1	
1	
1	
1	
1	
0	
0	
1	
0	
1	
0	
0	
0	
1	
0	
0	
0	
0	
1	
0	
0	
0	
0	
0	
0	
1	
0	
0	
0	
0	
1	
0	
0	
0	
0	
0	
0	
0	
1	
2	
0	
0	
0	
0	
0	
0	
0	
1	
0	
0	
0	
0	
0	
0	
0	
0	
0	
0	
0	
0	
1	
1	
1	
0	
1	
1	
0	
0	
0	
0	
1	
0	
0	
0	
0	
0	
0	
0	
0	
0	
1	
1	
0	
1	
0	
0	
1	
0	
0	
0	
1	
5	
25	
105	
292	
719	
1339	
2153	
3114	
4363	
5546	
6749	
8050	
8796	
9457	
9809	
9694	
9864	
9931	
10000	
9828	
9726	
9762	
9565	
9747	
9496	
9742	
9622	
9378	
9254	
9230	
9434	
9168	
9023	
8973	
9051	
8835	
8780	
8580	
8561	
8789	
8759	
8594	
8594	
8438	
8389	
8360	
8232	
8129	
8236	
7926	
7991	
7815	
7761	
7587	
7453	
7655	
7448	
7363	
7490	
7277	
7130	
6993	
7108	
6997	
6995	
6956	
6658	
6582	
6526	
6614	
6556	
6541	
6290	
6310	
6177	
6270	
6218	
6070	
6168	
6051	
5962	
5869	
5878	
5641	
5788	
5732	
5650	
5442	
5604	
5355	
5460	
5263	
5328	
5215	
5231	
5248	
5277	
5171	
5028	
5021	
5040	
4815	
4738	
4864	
4662	
4729	
4655	
4723	
4627	
4480	
4425	
4445	
4427	
4271	
4360	
4204	
4213	
4128	
4206	
4134	
3921	
4054	
4060	
4022	
3892	
3870	
3913	
3869	
3791	
3748	
3811	
3629	
3718	
3575	
3621	
3464	
3479	
3438	
3543	
3523	
3358	
3342	
3362	
3327	
3180	
3263	
3228	
3193	
3206	
3088	
3116	
3005	
2971	
3061	
2893	
2958	
2902	
2765	
2899	
2823	
2839	
2868	
2737	
2806	
2796	
2691	
2637	
2666	
2619	
2693	
2585	
2521	
2541	
2481	
2444	
2534	
2509	
2409	
2407	
2365	
2290	
2347	
2322	
2261	
2286	
2152	
2277	
2293	
2231	
2242	
2139	
2097	
2061	
2116	
2053	
2049	
1953	
1977	
2013	
1904	
1999	
1909	
1921	
1913	
1885	
1835	
1848	
1805	
1776	
1806	
1769	
1814	
1764	
1739	
1651	
1639	
1642	
1642	
1667	
1595	
1620	
1614	
1652	
1570	
1582	
1558	
1568	
1504	
1454	
1526	
1459	
1439	
1415	
1408	
1489	
1463	
1415	
1359	
1308	
1306	
1383	
1369	
1279	
1322	
1359	
1289	
1237	
1280	
1237	
1278	
1203	
1226	
1184	
1225	
1211	
1182	
1133	
1181	
1129	
1116	
1185	
1051	
1100	
1056	
1069	
1045	
1092	
970	
1099	
1010	
1036	
1013	
937	
1022	
1041	
962	
944	
905	
990	
897	
938	
895	
913	
906	
904	
917	
894	
922	
852	
870	
810	
872	
854	
795	
788	
802	
821	
828	
847	
778	
762	
729	
756	
749	
779	
732	
712	
696	
730	
671	
750	
695	
667	
676	
690	
653	
665	
694	
670	
627	
648	
666	
624	
603	
684	
568	
581	
605	
619	
588	
585	
595	
572	
584	
533	
556	
542	
554	
541	
556	
495	
503	
516	
550	
483	
478	
464	
526	
526	
488	
448	
507	
450	
473	
464	
500	
473	
472	
445	
430	
408	
426	
430	
454	
464	
414	
471	
459	
403	
416	
396	
392	
423	
392	
373	
407	
395	
381	
387	
388	
340	
397	
370	
370	
366	
376	
372	
359	
379	
349	
349	
346	
335	
327	
328	
313	
319	
310	
305	
308	
304	
277	
314	
307	
314	
277	
295	
271	
276	
287	
285	
295	
277	
276	
260	
269	
257	
264	
263	
265	
297	
279	
254	
243	
245	
272	
257	
243	
240	
220	
239	
223	
251	
241	
207	
268	
228	
214	
230	
221	
203	
231	
194	
211	
230	
190	
192	
201	
206	
229	
221	
196	
190	
178	
190	
180	
165	
197	
189	
192	
164	
185	
195	
154	
172	
180	
177	
166	
159	
169	
161	
163	
156	
156	
161	
147	
159	
161	
138	
147	
151	
150	
152	
146	
144	
135	
128	
144	
146	
139	
129	
133	
115	
149	
117	
115	
115	
138	
124	
113	
109	
118	
108	
135	
101	
111	
118	
92	
112	
100	
110	
114	
112	
109	
104	
72	
96	
89	
96	
107	
87	
97	
86	
109	
93	
115	
80	
103	
104	
84	
93	
89	
83	
77	
77	
76	
89	
81	
88	
88	
77	
97	
74	
81	
83	
92	
68	
82	
71	
72	
58	
62	
79	
65	
76	
78	
78	
70	
69	
60	
82	
68	
58	
64	
68	
72	
62	
63	
71	
65	
56	
71	
67	
66	
51	
46	
51	
62	
60	
57	
54	
51	
47	
55	
49	
52	
51	
44	
49	
45	
65	
66	
53	
54	
54	
51	
57	
62	
39	
52	
55	
41	
53	
41	
45	
44	
49	
43	
49	
46	
47	
41	
55	
44	
42	
51	
36	
36	
54	
42	
51	
40	
44	
41	
31	
39	
51	
38	
42	
26	
33	
47	
32	
40	
34	
38	
33	
36	
35	
34	
27	
33	
35	
26	
25	
31	
28	
30	
36	
31	
43	
30	
36	
31	
21	
35	
23	
26	
34	
21	
30	
23	
23	
21	
25	
25	
23	
21	
31	
27	
23	
32	
21	
28	
28	
16	
22	
18	
30	
27	
20	
35	
18	
23	
19	
17	
27	
16	
20	
14	
24	
15	
24	
15	
24	
24	
17	
16	
12	
18	
22	
25	
17	
23	
16	
11	
16	
20	
19	
21	
25	
22	
15	
12	
8	
12	
21	
22	
17	
19	
14	
20	
21	
21	
27	
23	
15	
16	
10	
18	
15	
14	
11	
19	
14	
12	
21	
14	
12	
13	
11	
17	
18	
20	
16	
18	
8	
12	
16	
11	
17	
15	
11	
14	
9	
14	
16	
19	
14	
12	
10	
9	
14	
5	
14	
10	
11	
11	
5	
9	
12	
15	
13	
12	
11	
16	
9	
10	
9	
9	
11	
14	
12	
9	
3	
6	
12	
17	
6	
8	
11	
7	
11	
11	
13	
7	
8	
7	
8	
7	
7	
7	
8	
4	
8	
10	
3	
11	
7	
8	
11	
4	
5	
11	
7	
8	
8	
8	
3	
6	
10	
10	
9	
9	
7	
11	
14	
7	
12	
4	
6	
8	
3	
3	
8	
8	
10	
9	
12	
4	
6	
6	
4	
7	
9	
4	
10	
5	
8	
3	
7	
5	
10	
5	
7	
5	
7	
7	
9	
6	
5	
6	
5	
7	
3	
4	
5	
5	
8	
2	
6	
3	
4	
3	
0	
7	
3	
3	
5	
5	
6	
6	
7	
6	
4	
6	
6	
2	
2	
5	
6	
5	
4	
2	
3	
0	
4	
4	
8	
6	
5	
1	
3	
2	
3	
3	
2	
3	
3	
3	
3	
3	
2	
0	
6	
3	
4	
4	
2	
3	
5	
4	
1	
2	
0	
1	
1	
3	
2	
2	
1	
1	
1	
1	
3	
3	
2	
3	
2	
3	
3	
2	
2	
1	
4	
1	
3	
6	
5	
4	
4	
0	
1	
2	
3	
3	
1	
3	
1	
3	
2	
2	
2	
5	
3	
4	
3	
5	
4	
1	
6	
4	
1	
2	
0	
1	
1	
2	
1	
2	
2	
2	
1	
3	
2	
3	
1	
1	
2	
2	
0	
1	
4	
0	
2	
2	
1	
2	
1	
6	
2	
4	
2	
1	
3	
1	
1	
0	
2	
0	
1	
0	
0	
1	
1	
1	
1	
3	
1	
2	
1	
0	
0	
2	
3	
2	
1	
0	
2	
1	
0	
1	
1	
1	
0	
1	
1	
3	
4	
3	
3	
0	
1	
2	
0	
0	
1	
0	
2	
2	
2	
0	
2	
2	
0	
1	
1	
2	
2	
0	
0	
1	
0	
1	
5	
0	
1	
1	
0	
2	
1	
0	
2	
2	
2	
1	
0	
0	
0	
0	
0	
2	
2	
3	
1	
2	
1	
2	
0	
2	
0	
0	
1	
2	
0	
0	
0	
1	
3	
1	
0	
2	
0	
1	
1	
0	
3	
1	
0	
0	
3	
1	
0	
2	
1	
1	
3	
2	
1	
0	
1	
0	
0	
0	
1	
0	
3	
0	
0	
3	
1	
0	
3	
0	
1	
0	
0	
0	
2	
0	
1	
2	
0	
2	
3	
0	
0	
0	
1	
1	
0	
1	
0	
1	
0	
0	
1	
0	
0	
0	
2	
1	
1	
1	
0	
0	
0	
2	
1	
0	
0	
0	
0	
0	
2	
0	
1	
0	
1	
1	
1	
0	
0	
2	
0	
1	
0	
0	
1	
0	
2	
0	
0	
1	
0	
1	
0	
0	
1	
2	
1	
0	
0	
0	
0	
0	
0	
0	
3	
1	
4	
1	
0	
2	
3	
1	
1	
1	
2	
1	
2	
1	
2	
0	
0	
0	
0	
1	
0	
1	
1	
0	
0	
0	
1	
0	
0	
2	
0	
0	
0	
0	
3	
1	
0	
1	
1	
2	
0	
2	
1	
1	
0	
1	
1	
0	
1	
0	
0	
0	
1	
1	
1	
1	
0	
1	
0	
1	
0	
0	
0	
0	
1	
1	
0	
1	
0	
0	
1	
2	
1	
1	
0	
0	
1	
2	
0	
1	
0	
0	
0	
0	
0	
1	
0	
1	
0	
2	
1	
0	
0	
0	
0	
0	
2	
1	
0	
0	
1	
1	
0	
0	
0	
1	
0	
2	
1	
0	
0	
2	
2	
1	
0	
0	
0	
0	
0	
2	
2	
1	
0	
0	
0	
1	
2	
0	
0	
0	
1	
1	
1	
1	
0	
0	
0	
1	
1	
0	
0	
0	
1	
0	
2	
0	
1	
0	
2	
0	
1	
1	
1	
0	
1	
0	
0	
0	
1	
0	
0	
0	
0	
1	
0	
0	
0	
0	
0	
0	
0	
0	
0	
0	
1	
1	
0	
0	
0	
1	
0	
0	
0	
0	
0	
1	
0	
1	
0	
0	
0	
1	
0	
0	
0	
0	
1	
2	
0	
0	
0	
0	
0	
1	
0	
0	
2	
1	
0	
1	
1	
1	
1	
0	
0	
0	
1	
0	
0	
3	
0	
0	
0	
0	
1	
0	
1	
0	
1	
0	
0	
0	
1	
0	
0	
0	
0	
0	
0	
0	
0	
2	
0	
1	
0	
0	
0	
0	
0	
1	
0	
1	
0	
0	
1	
1	
0	
1	
0	
1	
0	
0	
0	
0	
0	
1	
1	
0	
1	
2	
0	
0	
0	
0	
0	
0	
0	
0	
0	
0	
1	
0	
0	
0	
0	
0	
0	
0	
1	
0	
0	
0	
0	
2	
0	
0	
0	
0	
0	
0	
2	
0	
1	
0	
1	
1	
0	
0	
1	
0	
1	
0	
0	
1	
0	
1	
0	
0	
1	
0	
0	
0	
0	
0	
0	
1	
1	
0	
0	
1	
0	
0	
1	
0	
1	
0	
0	
2	
0	
1	
0	
1	
0	
0	
1	
0	
1	
1	
0	
0	
0	
0	
1	
0	
0	
1	
1	
0	
0	
0	
0	
0	
0	
0	
0	
0	
1	
0	
0	
1	
0	
0	
0	
0	
0	
0	
0	
1	
1	
0	
0	
0	
0	
1	
1	
1	
2	
0	
0	
0	
0	
0	
0	
0	
0	
0	
1	
0	
0	
0	
1	
0	
0	
0	
1	
1	
0	
0	
0	
0	
0	
0	
0	
1	
0	
0	
0	
0	
0	
0	
1	
0	
0	
0	
0	
2	
1	
1	
0	
0	
0	
1	
0	
0	
0	
0	
1	
0	
0	
0	
0	
0	
0	
0	
0	
0	
0	
0	
1	
0	
0	
0	
0	
0	
0	
1	
0	
1	
0	
0	
0	
0	
0	
0	
0	
0	
0	
0	
0	
0	
0	
1	
0	
0	
0	
0	
0	
0	
0	
0	
2	
0	
1	
0	
0	
0	
2	
1	
0	
0	
0	
0	
1	
1	
1	
0	
0	
1	
1	
0	
0	
0	
0	
0	
0	
0	
1	
0	
0	
2	
0	
2	
0	
0	
0	
0	
0	
0	
0	
0	
0	
0	
1	
0	
0	
0	
2	
0	
0	
0	
0	
0	
1	
1	
0	
1	
0	
0	
0	
0	
0	
0	
0	
1	
1	
1	
0	
1	
0	
1	
0	
2	
0	
0	
0	
0	
0	
0	
0	
0	
0	
0	
1	
0	
0	
0	
0	
0	
0	
0	
0	
0	
1	
0	
0	
0	
0	
1	
0	
0	
0	
0	
0	
0	
0	
0	
0	
0	
2	
0	
0	
0	
0	
0	
1	
0	
1	
0	
0	
0	
0	
0	
0	
1	
0	
1	
0	
0	
0	
0	
1	
0	
0	
0	
0	
0	
0	
0	
0	
0	
1	
1	
0	
1	
1	
1	
0	
0	
0	
0	
0	
0	
0	
0	
1	
0	
0	
0	
0	
2	
0	
0	
0	
1	
0	
0	
0	
0	
0	
0	
1	
0	
0	
1	
0	
0	
0	
0	
0	
0	
0	
0	
0	
0	
1	
0	
0	
0	
0	
0	
0	
0	
0	
0	
0	
0	
0	
0	
1	
0	
0	
0	
1	
0	
0	
0	
0	
0	
0	
0	
0	
0	
1	
0	
0	
0	
0	
0	
0	
0	
1	
0	
1	
0	
0	
1	
1	
0	
0	
0	
0	
0	
0	
0	
0	
0	
0	
0	
0	
0	
0	
0	
0	
0	
0	
0	
1	
0	
0	
0	
0	
0	
0	
0	
0	
0	
0	
0	
1	
2	
0	
0	
0	
0	
0	
0	
0	
0	
0	
0	
1	
0	
0	
2	
0	
0	
0	
0	
0	
1	
0	
0	
0	
1	
2	
1	
0	
2	
0	
0	
0	
0	
0	
0	
0	
0	
0	
0	
0	
0	
1	
0	
0	
0	
0	
0	
0	
0	
0	
0	
0	
0	
1	
0	
0	
0	
0	
0	
0	
0	
0	
0	
0	
0	
0	
1	
0	
0	
0	
0	
0	
1	
0	
0	
0	
0	
2	
0	
0	
0	
0	
0	
0	
0	
0	
0	
0	
0	
0	
0	
0	
1	
0	
1	
0	
1	
0	
0	
0	
0	
3	
0	
0	
0	
1	
0	
1	
0	
1	
0	
0	
0	
1	
0	
0	
0	
0	
0	
0	
0	
0	
1	
0	
0	
0	
1	
0	
1	
0	
0	
0	
1	
0	
0	
0	
0	
0	
1	
0	
0	
0	
0	
0	
0	
0	
2	
0	
0	
0	
0	
0	
0	
1	
0	
0	
1	
0	
0	
0	
0	
0	
1	
1	
0	
0	
0	
0	
1	
0	
0	
0	
0	
0	
0	
0	
1	
0	
0	
1	
0	
0	
0	
0	
0	
0	
0	
0	
0	
0	
0	
0	
0	
0	
0	
0	
0	
0	
0	
0	
0	
0	
0	
0	
0	
1	
0	
0	
0	
0	
2	
0	
0	
0	
0	
0	
0	
0	
0	
2	
0	
1	
0	
0	
0	
1	
0	
0	
0	
0	
1	
1	
1	
0	
1	
1	
0	
0	
0	
0	
0	
0	
0	
1	
0	
0	
0	
0	
0	
0	
0	
0	
0	
1	
0	
0	
0	
0	
0	
1	
0	
0	
0	
0	
0	
0	
0	
0	
0	
0	
0	
1	
0	
0	
0	
0	
1	
0	
0	
1	
0	
0	
0	
1	
0	
1	
0	
0	
0	
0	
0	
0	
0	
0	
0	
0	
0	
0	
1	
0	
1	
0	
0	
1	
0	
0	
0	
0	
0	
0	
1	
0	
0	
0	
1	
0	
0	
0	
0	
0	
0	
0	
0	
0	
1	
0	
0	
0	
0	
0	
0	
0	
0	
1	
0	
0	
1	
0	
0	
0	
0	
0	
1	
0	
0	
0	
0	
0	
0	
0	
0	
0	
0	
0	
0	
0	
0	
0	
1	
0	
0	
0	
0	
1	
0	
0	
0	
0	
0	
0	
0	
0	
0	
1	
1	
0	
0	
1	
0	
0	
1	
0	
0	
0	
0	
1	
0	
0	
1	
1	
0	
0	
1	
0	
0	
0	
0	
0	
2	
0	
0	
0	
0	
0	
0	
0	
0	
0	
0	
0	
1	
0	
0	
0	
2	
0	
0	
0	
0	
0	
0	
0	
1	
0	
1	
0	
1	
0	
0	
0	
0	
0	
0	
0	
0	
0	
0	
0	
1	
0	
0	
0	
0	
0	
0	
2	
0	
0	
0	
0	
0	
0	
0	
0	
0	
0	
0	
1	
0	
0	
0	
2	
0	
0	
0	
0	
0	
0	
0	
0	
1	
0	
0	
0	
0	
0	
0	
1	
0	
1	
0	
1	
0	
1	
0	
0	
0	
0	
0	
0	
0	
0	
0	
0	
0	
0	
0	
0	
0	
0	
0	
1	
0	
0	
0	
0	
0	
0	
0	
0	
0	
0	
0	
0	
0	
0	
0	
0	
0	
1	
0	
0	
0	
0	
0	
0	
0	
0	
1	
0	
0	
0	
0	
0	
0	
0	
0	
0	
0	
0	
0	
1	
0	
0	
0	
0	
1	
0	
0	
0	
0	
0	
1	
0	
0	
0	
0	
1	
1	
1	
0	
0	
0	
0	
0	
0	
0	
1	
0	
1	
0	
0	
1	
0	
0	
0	
0	
0	
2	
0	
0	
0	
0	
0	
0	
0	
0	
0	
0	
0	
0	
1	
0	
0	
0	
1	
0	
0	
1	
0	
0	
0	
0	
0	
2	
0	
0	
0	
1	
0	
0	
0	
0	
0	
0	
0	
0	
0	
0	
1	
0	
0	
0	
0	
0	
0	
0	
1	
0	
0	
0	
0	
0	
0	
0	
0	
0	
0	
1	
0	
0	
0	
0	
0	
0	
0	
0	
0	
0	
0	
0	
1	
1	
0	
1	
0	
0	
0	
0	
0	
0	
0	
1	
0	
0	
0	
0	
0	
0	
1	
0	
0	
0	
0	
0	
0	
0	
0	
0	
0	
0	
0	
1	
0	
0	
0	
0	
1	
0	
0	
0	
0	
1	
0	
0	
0	
0	
0	
0	
1	
0	
0	
0	
1	
0	
1	
0	
0	
0	
0	
0	
0	
0	
0	
0	
0	
1	
1	
0	
0	
0	
0	
0	
0	
0	
0	
1	
0	
0	
0	
0	
0	
0	
0	
0	
0	
0	
0	
0	
0	
0	
0	
0	
0	
0	
0	
1	
0	
0	
0	
0	
0	
1	
1	
0	
1	
0	
1	
0	
1	
0	
0	
1	
0	
1	
0	
0	
0	
0	
0	
0	
1	
0	
0	
0	
0	
1	
0	
1	
0	
0	
0	
1	
0	
2	
1	
1	
1	
0	
0	
1	
1	
1	
0	
0	
0	
0	
1	
0	
0	
0	
0	
0	
1	
0	
1	
0	
0	
1	
0	
0	
1	
0	
1	
1	
0	
2	
0	
0	
0	
1	
4	
0	
0	
1	
0	
0	
1	
1	
0	
0	
2	
1	
0	
0	
0	
0	
0	
0	
1	
1	
1	
0	
0	
2	
1	
1	
2	
1	
2	
2	
2	
3	
2	
1	
0	
0	
1	
0	
0	
0	
0	
0	
0	
1	
0	
1	
0	
2	
1	
0	
1	
1	
0	
1	
1	
0	
2	
1	
0	
1	
1	
0	
1	
1	
5	
3	
0	
0	
3	
3	
0	
2	
4	
0	
1	
2	
0	
4	
2	
3	
2	
2	
6	
5	
1	
5	
3	
3	
1	
1	
1	
2	
2	
3	
0	
4	
2	
6	
0	
2	
3	
0	
1	
1	
4	
1	
1	
3	
2	
4	
1	
1	
2	
3	
2	
1	
2	
2	
2	
3	
2	
2	
2	
2	
3	
1	
3	
0	
8	
1	
3	
2	
1	
2	
1	
3	
2	
1	
4	
1	
2	
2	
3	
5	
3	
2	
0	
2	
4	
1	
5	
2	
3	
1	
2	
1	
1	
5	
2	
0	
1	
0	
2	
3	
1	
3	
1	
0	
4	
2	
3	
1	
0	
3	
4	
2	
2	
2	
0	
3	
0	
2	
2	
0	
1	
2	
0	
2	
1	
2	
1	
1	
1	
1	
1	
1	
2	
2	
1	
1	
3	
3	
2	
2	
2	
3	
0	
3	
1	
1	
0	
1	
1	
1	
0	
1	
0	
0	
2	
1	
1	
1	
1	
0	
2	
0	
0	
2	
2	
1	
0	
2	
2	
0	
2	
0	
0	
3	
2	
1	
0	
0	
1	
0	
1	
1	
2	
1	
0	
0	
0	
2	
3	
1	
2	
0	
0	
1	
0	
0	
0	
0	
0	
1	
0	
1	
0	
1	
0	
1	
0	
0	
1	
0	
1	
0	
0	
2	
1	
1	
1	
2	
1	
2	
1	
1	
1	
1	
1	
1	
0	
0	
0	
1	
1	
0	
0	
1	
3	
0	
0	
3	
0	
1	
1	
0	
1	
1	
0	
1	
1	
0	
0	
1	
0	
1	
1	
0	
0	
0	
0	
2	
3	
0	
0	
1	
2	
0	
0	
0	
0	
0	
0	
3	
0	
2	
2	
0	
1	
0	
0	
1	
1	
0	
0	
0	
0	
1	
1	
0	
2	
0	
2	
0	
0	
0	
0	
0	
0	
1	
2	
0	
0	
0	
0	
0	
0	
0	
0	
1	
0	
1	
0	
0	
0	
0	
0	
0	
2	
0	
2	
0	
1	
1	
0	
1	
1	
1	
0	
1	
1	
0	
0	
0	
0	
0	
0	
1	
0	
1	
0	
0	
0	
0	
1	
0	
0	
0	
0	
0	
0	
0	
0	
0	
0	
0	
0	
1	
0	
0	
0	
0	
1	
0	
0	
1	
1	
0	
0	
2	
0	
0	
0	
0	
0	
0	
0	
0	
0	
0	
0	
0	
0	
1	
0	
0	
0	
0	
0	
0	
0	
0	
0	
0	
0	
0	
1	
0	
1	
0	
0	
2	
0	
1	
2	
0	
0	
0	
0	
0	
0	
1	
2	
0	
0	
0	
0	
0	
0	
0	
0	
0	
0	
0	
1	
0	
0	
0	
1	
1	
0	
1	
0	
0	
0	
0	
0	
1	
0	
0	
0	
1	
0	
0	
0	
0	
0	
1	
0	
0	
0	
0	
0	
0	
2	
0	
0	
1	
0	
0	
0	
0	
0	
2	
0	
0	
0	
0	
0	
0	
0	
0	
3	
0	
0	
0	
1	
0	
0	
0	
1	
0	
0	
0	
0	
0	
0	
0	
0	
0	
0	
0	
0	
0	
0	
0	
0	
1	
0	
0	
0	
0	
0	
0	
0	
0	
1	
0	
0	
0	
0	
0	
0	
1	
0	
0	
0	
0	
0	
0	
0	
1	
1	
0	
0	
0	
0	
3	
0	
0	
0	
1	
1	
0	
0	
1	
0	
0	
0	
0	
0	
0	
0	
0	
0	
0	
0	
0	
0	
0	
0	
1	
0	
0	
0	
0	
0	
0	
0	
0	
0	
0	
0	
0	
0	
0	
0	
1	
0	
0	
0	
0	
0	
0	
0	
0	
0	
0	
0	
1	
2	
0	
0	
0	
1	
0	
1	
0	
0	
1	
0	
0	
0	
1	
0	
0	
0	
1	
0	
0	
0	
0	
0	
1	
0	
0	
0	
0	
0	
0	
0	
1	
0	
1	
0	
1	
1	
0	
0	
0	
0	
0	
0	
1	
0	
0	
0	
0	
2	
1	
0	
0	
0	
0	
0	
0	
0	
0	
0	
0	
0	
0	
0	
0	
0	
0	
0	
0	
0	
0	
1	
0	
1	
0	
0	
0	
0	
1	
0	
0	
1	
1	
0	
0	
0	
0	
0	
0	
0	
0	
0	
0	
1	
0	
0	
0	
0	
0	
0	
0	
0	
0	
0	
0	
1	
0	
0	
0	
0	
0	
0	
0	
0	
0	
0	
0	
0	
1	
0	
0	
0	
0	
0	
1	
1	
1	
0	
0	
0	
0	
1	
0	
1	
0	
0	
0	
0	
2	
0	
0	
0	
0	
0	
0	
0	
0	
0	
0	
0	
0	
0	
0	
1	
1	
0	
2	
0	
0	
1	
0	
0	
0	
0	
0	
0	
0	
0	
0	
0	
0	
1	
0	
0	
0	
0	
0	
0	
0	
0	
1	
0	
1	
1	
0	
0	
0	
2	
0	
0	
0	
1	
0	
0	
0	
0	
0	
1	
0	
0	
1	
0	
0	
0	
0	
0	
2	
0	
1	
0	
0	
0	
0	
0	
0	
0	
0	
0	
0	
1	
0	
0	
0	
0	
0	
0	
0	
0	
0	
1	
0	
0	
0	
0	
0	
0	
0	
0	
1	
0	
0	
0	
0	
0	
1	
0	
1	
0	
0	
0	
0	
0	
0	
0	
0	
1	
0	
0	
1	
0	
0	
0	
0	
0	
0	
0	
0	
0	
0	
0	
0	
0	
0	
0	
0	
0	
2	
0	
0	
0	
0	
0	
0	
0	
0	
0	
0	
0	
0	
1	
0	
0	
0	
0	
1	
0	
0	
0	
0	
0	
0	
1	
0	
0	
0	
0	
1	
0	
0	
0	
0	
0	
0	
0	
0	
0	
0	
0	
0	
0	
0	
0	
0	
0	
0	
0	
0	
0	
0	
0	
0	
0	
0	
0	
0	
0	
0	
1	
0	
1	
0	
0	
0	
0	
0	
0	
1	
0	
0	
0	
0	
0	
0	
0	
0	
0	
0	
0	
1	
0	
1	
0	
2	
0	
1	
0	
0	
0	
0	
1	
0	
0	
0	
2	
1	
0	
0	
0	
0	
0	
0	
0	
0	
0	
0	
0	
0	
0	
1	
0	
0	
1	
0	
0	
0	
0	
0	
0	
1	
0	
0	
0	
1	
0	
0	
1	
0	
1	
0	
0	
0	
0	
0	
1	
0	
0	
2	
0	
2	
0	
0	
0	
1	
0	
1	
0	
0	
0	
0	
0	
0	
1	
0	
0	
1	
0	
1	
0	
0	
0	
1	
0	
1	
0	
0	
0	
0	
0	
0	
0	
0	
0	
0	
0	
0	
0	
0	
0	
0	
0	
0	
0	
0	
1	
0	
2	
0	
0	
0	
0	
1	
2	
0	
0	
0	
0	
0	
0	
0	
0	
0	
0	
0	
0	
0	
0	
0	
1	
0	
0	
0	
0	
0	
0	
0	
0	
1	
0	
0	
0	
0	
0	
0	
0	
0	
0	
0	
0	
0	
2	
0	
0	
0	
0	
0	
0	
0	
0	
0	
1	
0	
0	
0	
0	
0	
0	
1	
0	
0	
1	
2	
0	
0	
0	
0	
0	
0	
0	
0	
0	
1	
0	
0	
0	
0	
1	
0	
0	
0	
0	
0	
0	
1	
0	
0	
0	
2	
0	
0	
1	
0	
0	
0	
0	
0	
0	
0	
0	
0	
0	
0	
1	
1	
0	
0	
0	
0	
0	
0	
0	
0	
0	
1	
0	
0	
1	
0	
1	
0	
0	
0	
0	
0	
0	
1	
0	
0	
1	
0	
0	
0	
0	
0	
0	
1	
0	
0	
0	
0	
0	
0	
0	
0	
0	
0	
0	
1	
0	
1	
0	
2	
0	
0	
0	
0	
1	
0	
0	
0	
0	
0	
0	
1	
0	
0	
0	
0	
0	
0	
2	
0	
1	
0	
1	
0	
0	
0	
1	
0	
0	
0	
0	
0	
0	
0	
0	
0	
0	
1	
0	
0	
1	
0	
0	
0	
0	
1	
1	
0	
0	
0	
1	
0	
0	
0	
0	
1	
0	
0	
0	
0	
0	
0	
0	
0	
1	
0	
0	
1	
0	
0	
0	
0	
0	
0	
1	
0	
0	
0	
0	
0	
0	
1	
1	
0	
0	
0	
0	
0	
0	
0	
0	
0	
0	
0	
0	
0	
0	
0	
0	
1	
0	
0	
0	
0	
0	
0	
0	
0	
0	
0	
0	
0	
0	
0	
0	
1	
1	
0	
0	
0	
0	
0	
1	
0	
1	
0	
0	
0	
0	
0	
0	
0	
0	
0	
0	
0	
0	
0	
0	
0	
0	
0	
0	
0	
0	
0	
0	
0	
0	
0	
0	
0	
0	
0	
0	
0	
0	
0	
0	
0	
0	
0	
0	
1	
0	
0	
0	
0	
1	
0	
0	
0	
0	
0	
0	
0	
0	
0	
0	
1	
0	
0	
0	
0	
0	
0	
0	
0	
0	
1	
0	
0	
0	
0	
0	
0	
0	
0	
0	
0	
0	
0	
1	
0	
1	
0	
0	
0	
0	
1	
1	
1	
0	
0	
0	
0	
0	
0	
0	
0	
0	
0	
1	
0	
0	
0	
0	
0	
0	
0	
0	
0	
1	
0	
0	
1	
0	
0	
0	
0	
0	
0	
0	
0	
0	
0	
0	
0	
0	
0	
0	
0	
0	
0	
0	
0	
1	
0	
0	
0	
0	
0	
0	
0	
0	
3	
0	
0	
1	
0	
0	
0	
0	
1	
1	
0	
0	
0	
0	
1	
0	
0	
1	
0	
1	
0	
0	
0	
0	
0	
0	
0	
1	
0	
0	
0	
1	
0	
0	
0	
0	
0	
0	
0	
1	
0	
0	
0	
0	
1	
0	
0	
0	
0	
0	
0	
0	
0	
0	
0	
0	
0	
0	
0	
0	
0	
0	
0	
0	
0	
0	
0	
0	
0	
0	
1	
0	
0	
0	
1	
1	
0	
0	
0	
0	
1	
0	
0	
0	
0	
0	
0	
0	
0	
0	
0	
0	
0	
1	
0	
0	
0	
0	
0	
0	
0	
0	
0	
1	
0	
1	
0	
0	
0	
1	
0	
0	
0	
1	
0	
0	
0	
0	
0	
1	
0	
0	
0	
0	
0	
0	
0	
0	
0	
0	
0	
0	
0	
1	
0	
0	
1	
0	
0	
0	
0	
0	
1	
0	
0	
1	
0	
0	
0	
0	
0	
0	
0	
0	
0	
0	
1	
0	
0	
1	
0	
0	
0	
0	
0	
0	
0	
0	
0	
0	
1	
0	
0	
0	
2	
0	
0	
0	
1	
0	
1	
0	
1	
0	
0	
0	
0	
0	
1	
0	
0	
0	
0	
0	
1	
0	
0	
1	
0	
0	
0	
0	
0	
1	
0	
0	
0	
0	
0	
0	
0	
0	
0	
0	
0	
1	
0	
0	
0	
1	
0	
0	
0	
0	
1	
0	
0	
0	
0	
0	
0	
0	
0	
0	
0	
1	
0	
0	
0	
1	
1	
1	
1	
1	
0	
1	
0	
2	
1	
0	
0	
0	
0	
0	
0	
0	
0	
0	
0	
0	
0	
0	
0	
0	
0	
1	
0	
0	
0	
0	
0	
0	
1	
0	
0	
0	
0	
0	
0	
0	
0	
1	
0	
0	
0	
0	
0	
0	
0	
0	
0	
0	
0	
0	
1	
0	
0	
0	
0	
0	
1	
0	
1	
0	
0	
0	
0	
0	
0	
0	
0	
0	
0	
0	
0	
0	
0	
0	
0	
0	
0	
0	
1	
0	
0	
0	
0	
0	
0	
0	
0	
0	
0	
0	
0	
0	
2	
0	
0	
0	
0	
0	
1	
0	
0	
0	
0	
0	
0	
0	
0	
0	
0	
1	
0	
0	
0	
0	
0	
0	
0	
0	
0	
0	
0	
0	
0	
0	
0	
2	
0	
0	
0	
0	
0	
0	
0	
0	
0	
1	
0	
0	
1	
0	
0	
0	
2	
0	
1	
0	
1	
0	
1	
0	
1	
0	
0	
0	
0	
0	
0	
0	
0	
1	
1	
0	
0	
0	
1	
1	
0	
0	
0	
0	
0	
0	
0	
0	
1	
0	
1	
0	
0	
0	
0	
0	
0	
1	
0	
0	
0	
0	
0	
0	
0	
0	
0	
0	
0	
0	
0	
1	
0	
0	
0	
0	
0	
0	
0	
0	
0	
0	
0	
0	
0	
2	
0	
0	
0	
0	
0	
0	
1	
0	
0	
0	
1	
0	
1	
0	
0	
0	
0	
0	
0	
0	
0	
0	
0	
0	
0	
0	
0	
0	
1	
0	
0	
1	
0	
0	
0	
0	
0	
0	
0	
0	
0	
1	
0	
1	
0	
0	
0	
1	
0	
0	
1	
0	
0	
0	
0	
0	
0	
0	
0	
1	
0	
0	
0	
0	
1	
0	
0	
0	
0	
1	
0	
0	
0	
0	
0	
1	
0	
0	
0	
0	
0	
0	
0	
0	
0	
0	
1	
0	
0	
0	
0	
1	
0	
0	
0	
0	
0	
0	
0	
0	
0	
0	
0	
0	
0	
0	
0	
0	
0	
0	
0	
0	
0	
1	
0	
0	
0	
0	
0	
1	
0	
0	
0	
0	
0	
0	
0	
0	
0	
0	
0	
1	
0	
0	
0	
1	
0	
1	
0	
0	
0	
1	
0	
0	
0	
0	
1	
0	
1	
0	
0	
1	
0	
1	
0	
0	
1	
1	
0	
1	
0	
0	
0	
0	
1	
0	
0	
0	
0	
0	
1	
1	
0	
1	
1	
0	
0	
0	
0	
1	
0	
1	
0	
1	
0	
0	
0	
0	
0	
0	
1	
0	
0	
0	
0	
0	
0	
0	
0	
0	
0	
0	
1	
1	
1	
0	
0	
0	
0	
0	
0	
0	
0	
0	
0	
0	
0	
0	
0	
1	
0	
0	
0	
0	
0	
0	
2	
0	
0	
0	
0	
0	
0	
1	
0	
0	
0	
0	
0	
0	
0	
1	
0	
0	
0	
0	
0	
0	
1	
1	
1	
0	
0	
1	
0	
0	
0	
0	
0	
2	
0	
0	
0	
0	
0	
2	
1	
0	
0	
1	
0	
0	
1	
0	
1	
1	
0	
0	
0	
0	
0	
0	
0	
0	
0	
0	
0	
2	
0	
2	
0	
1	
0	
0	
0	
0	
0	
0	
1	
0	
1	
0	
0	
0	
0	
0	
0	
0	
0	
0	
0	
0	
0	
1	
1	
1	
0	
0	
0	
0	
0	
1	
0	
0	
0	
0	
1	
0	
0	
1	
0	
0	
2	
0	
0	
1	
0	
0	
0	
1	
0	
1	
0	
0	
2	
0	
0	
0	
1	
0	
0	
0	
0	
0	
0	
0	
0	
1	
0	
0	
0	
1	
0	
0	
0	
0	
0	
0	
0	
1	
0	
0	
0	
0	
0	
0	
0	
1	
1	
1	
0	
0	
1	
0	
0	
0	
0	
0	
0	
0	
0	
1	
1	
1	
0	
0	
0	
2	
1	
0	
0	
0	
0	
1	
0	
0	
0	
0	
1	
2	
0	
0	
0	
0	
1	
0	
0	
0	
0	
0	
0	
0	
0	
0	
0	
1	
0	
1	
0	
0	
0	
0	
1	
0	
0	
0	
0	
0	
0	
0	
0	
0	
0	
0	
0	
0	
1	
0	
0	
0	
0	
0	
1	
0	
1	
0	
0	
0	
1	
1	
1	
0	
0	
0	
1	
1	
0	
1	
0	
0	
0	
0	
0	
0	
1	
0	
0	
0	
0	
0	
1	
0	
0	
0	
0	
0	
0	
0	
0	
0	
1	
0	
0	
1	
0	
0	
0	
0	
0	
1	
0	
0	
0	
0	
0	
0	
0	
0	
0	
0	
0	
1	
0	
1	
0	
0	
1	
0	
0	
0	
0	
0	
0	
1	
0	
0	
1	
0	
0	
0	
0	
0	
0	
0	
0	
0	
3	
2	
0	
0	
0	
0	
0	
0	
0	
1	
0	
1	
0	
0	
0	
0	
0	
0	
0	
0	
0	
0	
1	
0	
0	
0	
0	
0	
0	
1	
0	
0	
0	
0	
0	
1	
0	
1	
0	
1	
1	
0	
0	
0	
0	
0	
0	
0	
1	
0	
0	
0	
0	
0	
0	
0	
0	
1	
0	
0	
2	
1	
0	
1	
0	
1	
1	
0	
0	
1	
1	
0	
0	
0	
0	
0	
0	
0	
1	
0	
0	
0	
0	
0	
0	
0	
0	
0	
0	
0	
0	
0	
0	
0	
2	
0	
1	
0	
0	
0	
0	
1	
1	
0	
0	
2	
0	
0	
1	
0	
0	
0	
0	
0	
1	
0	
0	
0	
0	
1	
0	
0	
0	
1	
0	
0	
0	
0	
0	
0	
1	
1	
0	
0	
0	
0	
0	
0	
0	
0	
0	
1	
0	
0	
0	
0	
0	
0	
1	
1	
0	
0	
0	
1	
0	
0	
0	
0	
0	
0	
0	
0	
0	
0	
0	
0	
0	
0	
0	
1	
1	
0	
0	
1	
0	
0	
0	
0	
0	
0	
0	
0	
0	
0	
0	
0	
0	
0	
0	
0	
0	
0	
1	
0	
1	
0	
0	
0	
0	
1	
1	
0	
0	
0	
0	
0	
0	
0	
0	
0	
0	
0	
0	
0	
0	
0	
0	
0	
0	
0	
0	
0	
0	
0	
0	
1	
0	
1	
0	
0	
3	
0	
0	
0	
0	
0	
1	
0	
0	
0	
0	
0	
1	
1	
0	
0	
1	
1	
1	
0	
0	
0	
0	
0	
0	
1	
0	
0	
0	
0	
0	
1	
0	
0	
0	
0	
0	
0	
0	
0	
0	
1	
0	
0	
0	
1	
0	
0	
1	
0	
0	
0	
0	
1	
0	
0	
0	
1	
2	
0	
1	
1	
0	
0	
0	
0	
1	
0	
0	
0	
0	
3	
0	
2	
0	
1	
0	
0	
1	
0	
1	
0	
2	
0	
0	
0	
1	
0	
1	
1	
0	
0	
0	
0	
0	
0	
0	
1	
0	
0	
0	
0	
1	
0	
0	
1	
0	
1	
0	
0	
1	
0	
0	
0	
0	
0	
0	
1	
0	
0	
0	
1	
0	
0	
1	
1	
0	
0	
0	
0	
0	
0	
0	
0	
0	
0	
0	
0	
2	
1	
0	
0	
0	
0	
0	
2	
1	
0	
0	
0	
0	
0	
1	
0	
0	
0	
0	
2	
0	
1	
1	
3	
0	
1	
1	
1	
1	
1	
0	
1	
1	
0	
0	
1	
0	
0	
2	
0	
1	
0	
1	
2	
1	
0	
0	
0	
0	
0	
0	
0	
0	
0	
1	
0	
1	
0	
0	
1	
0	
1	
1	
0	
0	
1	
0	
0	
0	
0	
1	
1	
0	
0	
4	
0	
0	
2	
0	
0	
0	
0	
0	
0	
0	
1	
0	
2	
0	
0	
0	
0	
0	
1	
1	
0	
0	
1	
0	
0	
1	
0	
1	
1	
0	
1	
1	
0	
0	
0	
1	
0	
0	
0	
1	
1	
0	
0	
0	
0	
1	
1	
0	
1	
0	
1	
1	
0	
1	
0	
0	
0	
0	
0	
0	
0	
1	
1	
2	
0	
0	
1	
0	
1	
0	
0	
1	
1	
0	
1	
0	
0	
0	
2	
0	
0	
1	
0	
1	
0	
0	
0	
0	
0	
0	
1	
0	
1	
0	
0	
0	
0	
0	
0	
1	
0	
0	
0	
0	
0	
1	
1	
2	
0	
1	
0	
0	
1	
0	
3	
1	
1	
1	
0	
0	
2	
0	
0	
0	
1	
1	
0	
1	
1	
1	
0	
0	
0	
0	
0	
0	
1	
1	
0	
0	
0	
1	
0	
1	
1	
0	
0	
0	
0	
0	
0	
3	
0	
1	
0	
0	
1	
1	
1	
0	
0	
0	
0	
0	
0	
0	
0	
0	
0	
0	
0	
0	
1	
0	
2	
0	
0	
0	
0	
0	
0	
0	
0	
0	
0	
1	
0	
3	
0	
0	
0	
0	
1	
0	
1	
0	
0	
0	
0	
1	
0	
0	
1	
0	
0	
0	
0	
0	
0	
0	
0	
0	
2	
0	
0	
1	
0	
0	
0	
0	
0	
0	
0	
0	
1	
0	
1	
1	
0	
0	
0	
0	
1	
0	
1	
1	
0	
1	
0	
0	
0	
0	
0	
0	
0	
0	
0	
1	
0	
0	
0	
0	
0	
1	
1	
0	
0	
0	
0	
0	
1	
1	
0	
0	
1	
1	
1	
0	
1	
1	
1	
0	
0	
1	
0	
0	
0	
0	
0	
1	
0	
0	
1	
0	
0	
0	
0	
0	
0	
0	
0	
0	
0	
0	
0	
0	
0	
1	
1	
0	
0	
1	
1	
0	
0	
2	
0	
0	
0	
0	
0	
0	
3	
1	
0	
1	
0	
0	
0	
1	
0	
0	
0	
0	
0	
0	
1	
0	
0	
2	
1	
1	
0	
0	
2	
0	
1	
1	
1	
2	
2	
0	
3	
0	
0	
0	
0	
0	
0	
1	
0	
0	
1	
0	
1	
0	
0	
0	
0	
0	
0	
1	
0	
1	
0	
0	
0	
2	
0	
2	
0	
1	
0	
0	
0	
0	
3	
0	
1	
0	
0	
0	
1	
0	
0	
0	
0	
1	
1	
1	
0	
1	
0	
0	
3	
0	
1	
1	
1	
0	
0	
0	
1	
0	
1	
0	
0	
1	
0	
2	
0	
2	
0	
0	
1	
0	
1	
0	
0	
0	
0	
0	
0	
0	
1	
0	
0	
1	
0	
1	
1	
0	
0	
0	
0	
0	
0	
0	
1	
1	
1	
1	
0	
0	
0	
1	
0	
0	
0	
0	
0	
0	
1	
1	
2	
0	
1	
1	
0	
0	
0	
1	
3	
0	
0	
0	
0	
0	
0	
0	
0	
0	
0	
0	
0	
0	
0	
1	
1	
0	
0	
0	
0	
1	
0	
0	
1	
1	
1	
2	
0	
0	
0	
0	
0	
0	
1	
1	
1	
0	
1	
2	
1	
0	
0	
1	
0	
0	
0	
0	
1	
0	
0	
0	
0	
1	
0	
0	
0	
0	
1	
0	
0	
1	
1	
0	
0	
0	
1	
1	
0	
0	
0	
0	
0	
1	
2	
0	
2	
0	
1	
0	
0	
0	
1	
2	
0	
0	
0	
0	
0	
1	
0	
0	
2	
0	
1	
1	
0	
0	
1	
2	
0	
0	
0	
0	
0	
1	
1	
1	
0	
1	
0	
0	
0	
0	
0	
0	
1	
1	
2	
0	
0	
1	
0	
1	
0	
0	
0	
0	
0	
0	
0	
0	
0	
0	
0	
0	
0	
0	
0	
0	
0	
0	
0	
1	
0	
0	
1	
2	
1	
3	
0	
0	
0	
0	
1	
1	
0	
0	
0	
0	
0	
1	
2	
0	
0	
2	
0	
0	
1	
0	
2	
1	
0	
1	
1	
1	
0	
0	
1	
0	
0	
1	
0	
1	
0	
1	
0	
1	
1	
0	
1	
1	
0	
2	
2	
0	
2	
1	
0	
0	
0	
2	
0	
1	
1	
0	
0	
0	
0	
0	
0	
0	
0	
2	
1	
0	
0	
0	
0	
0	
0	
0	
0	
1	
0	
0	
0	
0	
0	
0	
1	
0	
0	
1	
0	
0	
0	
0	
1	
1	
0	
1	
0	
0	
1	
1	
0	
1	
1	
0	
1	
0	
0	
0	
0	
2	
1	
0	
0	
0	
1	
0	
1	
0	
0	
1	
1	
1	
0	
0	
2	
1	
0	
0	
0	
0	
0	
0	
1	
0	
0	
0	
1	
0	
1	
1	
1	
0	
1	
1	
0	
0	
0	
0	
1	
0	
0	
0	
1	
1	
0	
0	
1	
0	
0	
2	
1	
0	
0	
0	
1	
0	
0	
1	
0	
0	
0	
0	
0	
1	
0	
0	
0	
1	
0	
0	
0	
0	
0	
0	
1	
0	
0	
2	
0	
1	
0	
0	
2	
0	
0	
0	
2	
0	
2	
2	
0	
0	
0	
0	
2	
2	
0	
1	
0	
1	
0	
1	
0	
1	
0	
0	
0	
0	
1	
0	
3	
0	
0	
1	
0	
0	
1	
0	
2	
0	
0	
0	
1	
2	
1	
1	
0	
1	
0	
0	
1	
0	
0	
1	
1	
0	
0	
0	
0	
1	
1	
1	
0	
0	
2	
1	
0	
1	
0	
1	
1	
0	
0	
0	
2	
0	
0	
0	
0	
0	
1	
0	
0	
0	
1	
1	
1	
0	
3	
0	
0	
1	
3	
0	
1	
0	
1	
0	
1	
2	
0	
0	
0	
0	
0	
0	
1	
1	
0	
0	
1	
2	
0	
0	
1	
0	
1	
0	
1	
0	
1	
2	
0	
0	
0	
1	
0	
0	
0	
1	
0	
0	
0	
0	
1	
0	
2	
1	
0	
0	
0	
1	
1	
1	
0	
1	
0	
0	
1	
0	
1	
0	
0	
0	
2	
0	
0	
0	
0	
0	
0	
0	
0	
0	
0	
0	
0	
0	
0	
0	
1	
0	
0	
0	
1	
1	
0	
1	
1	
0	
1	
0	
0	
0	
1	
0	
0	
0	
1	
2	
1	
0	
0	
1	
0	
0	
0	
1	
2	
0	
3	
1	
0	
0	
2	
0	
1	
0	
2	
1	
0	
3	
0	
0	
0	
1	
1	
0	
0	
2	
0	
0	
0	
0	
1	
0	
0	
0	
1	
1	
1	
0	
0	
1	
1	
0	
0	
1	
0	
0	
0	
0	
1	
0	
1	
0	
1	
1	
0	
0	
0	
2	
1	
2	
0	
0	
1	
0	
1	
1	
0	
1	
1	
0	
0	
0	
1	
1	
0	
0	
1	
1	
0	
1	
1	
1	
0	
0	
1	
2	
3	
2	
0	
0	
0	
1	
0	
0	
0	
0	
1	
0	
0	
0	
1	
1	
2	
0	
1	
1	
0	
1	
0	
1	
1	
0	
2	
0	
1	
0	
0	
0	
0	
2	
1	
1	
1	
2	
1	
1	
0	
0	
0	
0	
1	
0	
0	
1	
1	
0	
0	
3	
0	
0	
0	
