#PicoHarp 300  Histogram Data			15/04/2023 05:04:44 PM
#channels per curve
961
#display curve no.
0	
#memory block no.
0	
#ns/channel
0.1280	
#counts
4	
2	
3	
3	
2	
2	
3	
2	
3	
4	
4	
6	
3	
2	
3	
2	
4	
2	
2	
4	
2	
1	
3	
2	
1	
2	
2	
3	
1	
2	
0	
2	
2	
1	
3	
8	
13	
9	
7	
5	
4	
1	
2	
5	
2	
0	
2	
1	
1	
3	
0	
2	
1	
2	
4	
4	
1629	
5617	
1849	
1467	
1033	
433	
215	
190	
129	
122	
129	
111	
76	
76	
83	
73	
87	
75	
61	
69	
73	
69	
50	
44	
92	
63	
56	
53	
54	
41	
43	
55	
48	
48	
39	
35	
46	
42	
35	
42	
29	
34	
27	
45	
43	
35	
42	
31	
31	
24	
35	
32	
32	
35	
36	
27	
22	
28	
29	
25	
24	
27	
23	
21	
21	
20	
19	
17	
20	
27	
22	
20	
16	
21	
19	
15	
21	
20	
19	
19	
18	
19	
21	
13	
18	
15	
18	
16	
10	
15	
13	
10	
17	
19	
14	
15	
14	
11	
9	
15	
8	
12	
12	
14	
7	
12	
15	
7	
8	
8	
11	
8	
7	
16	
13	
9	
13	
9	
12	
8	
5	
9	
13	
8	
10	
9	
12	
7	
14	
6	
5	
12	
10	
7	
6	
6	
12	
7	
5	
9	
4	
6	
9	
8	
8	
5	
6	
8	
2	
4	
10	
4	
11	
9	
7	
5	
9	
4	
7	
6	
2	
2	
6	
4	
4	
4	
9	
3	
7	
2	
6	
7	
2	
6	
5	
7	
9	
6	
4	
4	
5	
7	
5	
4	
4	
6	
3	
2	
12	
2	
4	
4	
6	
5	
1	
3	
3	
5	
6	
6	
4	
2	
5	
1	
4	
7	
4	
6	
1	
2	
6	
4	
6	
4	
4	
1	
4	
3	
3	
4	
4	
7	
6	
2	
1	
5	
2	
4	
1	
6	
2	
2	
6	
2	
3	
5	
3	
5	
4	
2	
0	
2	
2	
2	
3	
2	
6	
2	
3	
1	
3	
3	
2	
3	
5	
2	
4	
0	
3	
6	
1	
2	
1	
1	
6	
2	
4	
6	
0	
4	
0	
4	
3	
2	
2	
2	
3	
1	
2	
4	
4	
1	
3	
2	
1	
4	
2	
0	
0	
3	
2	
2	
3	
2	
4	
0	
2	
1	
3	
1	
2	
2	
1	
2	
0	
5	
3	
5	
2	
1	
4	
2	
1	
5	
2	
3	
0	
3	
2	
3	
1	
2	
1	
2	
2	
7	
2	
0	
2	
3	
2	
1	
0	
2	
3	
0	
0	
0	
0	
0	
0	
0	
0	
0	
0	
0	
0	
0	
0	
0	
0	
0	
0	
0	
0	
0	
0	
0	
0	
0	
0	
0	
0	
0	
0	
0	
0	
0	
0	
0	
0	
0	
0	
0	
0	
0	
0	
0	
0	
0	
0	
0	
0	
0	
0	
0	
0	
0	
0	
0	
0	
0	
0	
0	
0	
0	
0	
0	
0	
0	
0	
0	
0	
0	
0	
0	
0	
0	
0	
0	
0	
0	
0	
0	
0	
0	
0	
0	
0	
0	
0	
0	
0	
0	
0	
0	
0	
0	
0	
0	
0	
0	
0	
0	
0	
0	
0	
0	
0	
0	
0	
0	
0	
0	
0	
0	
0	
0	
0	
0	
0	
0	
0	
0	
0	
0	
0	
0	
0	
0	
0	
0	
0	
0	
0	
0	
0	
0	
0	
0	
0	
0	
0	
0	
0	
0	
0	
0	
0	
0	
0	
0	
0	
0	
0	
0	
0	
0	
0	
0	
0	
0	
0	
0	
0	
0	
0	
0	
0	
0	
0	
0	
0	
0	
0	
0	
0	
0	
0	
0	
0	
0	
0	
0	
0	
0	
0	
0	
0	
0	
0	
0	
0	
0	
0	
0	
0	
0	
0	
0	
0	
0	
0	
0	
0	
0	
0	
0	
0	
0	
0	
0	
0	
0	
0	
0	
0	
0	
0	
0	
0	
0	
0	
0	
0	
0	
0	
0	
0	
0	
0	
0	
0	
0	
0	
0	
0	
0	
0	
0	
0	
0	
0	
0	
0	
0	
0	
0	
0	
0	
0	
0	
0	
0	
0	
0	
0	
0	
0	
0	
0	
0	
0	
0	
0	
0	
0	
0	
0	
0	
0	
0	
0	
0	
0	
0	
0	
0	
0	
0	
0	
0	
0	
0	
0	
0	
0	
0	
0	
0	
0	
0	
0	
0	
0	
0	
0	
0	
0	
0	
0	
0	
0	
0	
0	
0	
0	
0	
0	
0	
0	
0	
0	
0	
0	
0	
0	
0	
0	
0	
0	
0	
0	
0	
0	
0	
0	
0	
0	
0	
0	
0	
0	
0	
0	
0	
0	
0	
0	
0	
0	
0	
0	
0	
0	
0	
0	
0	
0	
0	
0	
0	
0	
0	
0	
0	
0	
0	
0	
0	
0	
0	
0	
0	
0	
0	
0	
0	
0	
0	
0	
0	
0	
0	
0	
0	
0	
0	
0	
0	
0	
0	
0	
0	
0	
0	
0	
0	
0	
0	
0	
0	
0	
0	
0	
0	
0	
0	
0	
0	
0	
0	
0	
0	
0	
0	
0	
0	
0	
0	
0	
0	
0	
0	
0	
0	
0	
0	
0	
0	
0	
0	
0	
0	
0	
0	
0	
0	
0	
0	
0	
0	
0	
0	
0	
0	
0	
0	
0	
0	
0	
0	
0	
0	
0	
0	
0	
0	
0	
0	
0	
0	
0	
0	
0	
0	
0	
0	
0	
0	
0	
0	
0	
0	
0	
0	
0	
0	
0	
0	
0	
0	
0	
0	
0	
0	
0	
0	
0	
0	
0	
0	
0	
0	
0	
0	
0	
0	
0	
0	
0	
0	
0	
0	
0	
0	
0	
0	
0	
0	
0	
0	
0	
0	
0	
0	
0	
0	
0	
0	
0	
0	
0	
0	
0	
0	
0	
0	
0	
0	
0	
0	
0	
0	
0	
0	
0	
0	
0	
0	
0	
0	
0	
0	
0	
0	
0	
0	
0	
0	
0	
0	
0	
0	
0	
0	
0	
0	
0	
0	
0	
0	
0	
0	
0	
0	
0	
0	
0	
0	
0	
0	
0	
0	
0	
0	
0	
0	
0	
0	
0	
0	
0	
0	
0	
