#PicoHarp 300  Histogram Data			15/04/2023 05:01:48 PM
#channels per curve
961
#display curve no.
0	
#memory block no.
0	
#ns/channel
0.1280	
#counts
70	
79	
71	
84	
77	
65	
67	
77	
67	
91	
63	
70	
82	
69	
64	
74	
82	
69	
80	
76	
72	
95	
71	
87	
66	
69	
83	
68	
70	
65	
90	
77	
78	
64	
76	
93	
76	
96	
73	
88	
74	
74	
75	
75	
73	
70	
68	
84	
80	
67	
70	
66	
66	
75	
57	
72	
247	
2279	
2780	
2901	
3128	
3104	
3160	
3051	
3031	
3018	
3026	
2837	
2824	
2793	
2718	
2778	
2607	
2616	
2512	
2558	
2503	
2484	
2393	
2377	
2341	
2286	
2253	
2270	
2247	
2091	
2116	
2063	
2002	
2011	
1958	
1971	
1910	
1897	
1857	
1848	
1836	
1757	
1755	
1703	
1788	
1706	
1694	
1601	
1607	
1553	
1572	
1574	
1466	
1520	
1443	
1472	
1448	
1373	
1427	
1354	
1372	
1365	
1379	
1233	
1303	
1201	
1239	
1199	
1213	
1179	
1196	
1166	
1168	
1130	
1143	
1073	
1075	
1068	
999	
1014	
952	
948	
958	
987	
966	
905	
915	
886	
902	
859	
840	
864	
805	
780	
824	
842	
824	
791	
773	
794	
793	
774	
785	
746	
717	
724	
712	
734	
663	
709	
673	
655	
681	
680	
631	
625	
622	
654	
623	
588	
573	
576	
556	
581	
557	
506	
511	
517	
476	
533	
501	
548	
518	
482	
475	
476	
441	
461	
459	
478	
441	
406	
428	
444	
418	
404	
376	
426	
403	
392	
392	
418	
390	
379	
364	
339	
375	
364	
318	
373	
327	
333	
371	
309	
282	
348	
310	
332	
330	
293	
320	
320	
316	
287	
289	
266	
280	
304	
301	
271	
275	
257	
280	
267	
282	
235	
265	
252	
262	
246	
264	
219	
208	
264	
215	
217	
217	
240	
205	
242	
226	
219	
195	
210	
205	
197	
203	
208	
191	
186	
200	
190	
190	
197	
194	
180	
201	
172	
183	
166	
164	
147	
204	
164	
171	
147	
179	
159	
146	
149	
165	
150	
155	
157	
160	
145	
125	
148	
132	
114	
129	
127	
140	
137	
119	
117	
139	
110	
106	
129	
139	
112	
106	
125	
116	
110	
87	
84	
116	
103	
102	
119	
115	
107	
92	
88	
104	
98	
98	
100	
86	
109	
100	
111	
105	
79	
95	
97	
109	
95	
104	
92	
88	
90	
76	
90	
76	
81	
62	
85	
76	
91	
86	
74	
73	
78	
77	
83	
75	
65	
74	
74	
68	
73	
91	
71	
80	
63	
68	
76	
74	
61	
66	
62	
79	
72	
69	
68	
60	
71	
67	
62	
54	
69	
63	
53	
53	
77	
63	
68	
73	
64	
67	
77	
40	
13	
14	
11	
11	
11	
14	
18	
16	
13	
11	
8	
20	
12	
14	
9	
9	
8	
15	
9	
16	
10	
8	
10	
16	
8	
10	
9	
13	
9	
9	
8	
11	
12	
9	
7	
7	
7	
7	
7	
6	
9	
3	
7	
5	
5	
6	
5	
8	
11	
8	
5	
10	
3	
2	
1	
9	
3	
6	
11	
0	
7	
2	
3	
5	
3	
7	
5	
1	
2	
2	
2	
3	
2	
5	
1	
3	
2	
4	
0	
3	
2	
3	
6	
1	
7	
1	
2	
1	
4	
4	
3	
1	
1	
0	
4	
0	
2	
3	
0	
3	
1	
3	
2	
3	
4	
0	
0	
3	
1	
0	
4	
1	
1	
1	
2	
3	
0	
1	
4	
1	
0	
1	
0	
1	
4	
2	
3	
0	
0	
2	
1	
1	
2	
2	
0	
0	
1	
1	
0	
2	
0	
1	
3	
0	
0	
0	
0	
1	
2	
1	
1	
1	
1	
2	
1	
0	
1	
0	
0	
3	
0	
0	
1	
2	
0	
1	
2	
0	
0	
1	
1	
1	
1	
0	
1	
0	
0	
0	
1	
0	
0	
0	
3	
2	
1	
0	
0	
0	
0	
2	
2	
2	
2	
0	
0	
0	
1	
0	
1	
0	
0	
1	
0	
0	
1	
1	
0	
0	
0	
1	
0	
0	
0	
1	
0	
1	
0	
0	
0	
0	
0	
0	
0	
1	
0	
0	
0	
0	
0	
0	
0	
1	
1	
0	
0	
0	
0	
1	
1	
1	
0	
1	
1	
0	
0	
1	
0	
0	
0	
0	
0	
0	
0	
0	
0	
0	
1	
0	
0	
0	
0	
0	
0	
0	
0	
0	
0	
0	
0	
0	
0	
0	
0	
0	
0	
0	
0	
0	
0	
0	
0	
0	
0	
0	
0	
0	
0	
0	
0	
1	
0	
1	
0	
0	
0	
0	
0	
0	
1	
0	
0	
0	
1	
0	
0	
1	
0	
0	
0	
0	
0	
0	
0	
0	
0	
0	
1	
0	
0	
0	
0	
0	
0	
0	
0	
0	
0	
0	
1	
0	
1	
0	
0	
0	
0	
0	
0	
0	
0	
0	
0	
1	
0	
0	
0	
0	
1	
0	
0	
0	
0	
0	
0	
0	
0	
0	
0	
0	
0	
0	
0	
0	
0	
0	
0	
0	
0	
0	
0	
0	
0	
0	
0	
0	
0	
0	
0	
0	
0	
0	
0	
0	
0	
0	
0	
0	
0	
0	
0	
0	
0	
0	
0	
0	
0	
0	
0	
0	
0	
0	
0	
0	
0	
0	
0	
0	
0	
0	
0	
0	
0	
0	
0	
0	
0	
0	
0	
0	
0	
0	
0	
0	
0	
0	
0	
0	
0	
0	
0	
0	
0	
0	
0	
0	
0	
0	
0	
0	
0	
0	
0	
0	
0	
0	
0	
0	
0	
0	
0	
0	
0	
0	
0	
0	
0	
0	
0	
0	
0	
0	
0	
0	
0	
0	
0	
0	
0	
0	
0	
0	
0	
0	
0	
0	
0	
0	
0	
0	
0	
0	
0	
0	
0	
0	
0	
0	
0	
0	
0	
0	
0	
0	
0	
0	
0	
0	
0	
0	
0	
0	
0	
0	
0	
0	
0	
0	
0	
0	
0	
0	
0	
0	
0	
0	
0	
0	
0	
0	
0	
0	
0	
0	
0	
0	
0	
0	
0	
0	
0	
0	
0	
0	
0	
0	
0	
0	
0	
0	
0	
0	
0	
0	
0	
0	
0	
0	
0	
0	
0	
0	
0	
0	
0	
0	
0	
0	
0	
0	
0	
0	
0	
0	
0	
0	
0	
0	
0	
0	
0	
0	
