#PicoHarp 300  Histogram Data			15/04/2023 01:40:00 PM
#channels per curve
3375
#display curve no.
0	
#memory block no.
0	
#ns/channel
0.0160	
#counts
0	
0	
1	
0	
0	
0	
0	
0	
0	
0	
0	
0	
0	
0	
0	
0	
0	
0	
0	
0	
0	
0	
0	
1	
0	
0	
0	
0	
0	
0	
0	
0	
0	
0	
0	
0	
0	
0	
0	
1	
0	
0	
0	
0	
0	
0	
0	
0	
0	
0	
0	
0	
0	
0	
0	
0	
0	
0	
0	
0	
0	
0	
0	
0	
0	
0	
0	
0	
0	
0	
0	
0	
0	
0	
0	
0	
0	
0	
0	
1	
0	
0	
0	
0	
0	
0	
0	
0	
0	
0	
0	
0	
1	
0	
0	
0	
0	
0	
1	
0	
0	
0	
0	
0	
0	
0	
0	
1	
1	
0	
0	
0	
1	
0	
0	
0	
0	
0	
0	
0	
0	
0	
0	
0	
0	
0	
0	
0	
0	
1	
0	
0	
0	
1	
0	
1	
0	
0	
0	
0	
0	
0	
1	
0	
0	
0	
2	
0	
0	
0	
0	
0	
0	
0	
0	
0	
0	
0	
0	
0	
0	
0	
0	
0	
0	
1	
0	
0	
0	
0	
0	
0	
0	
0	
0	
0	
0	
0	
0	
0	
0	
0	
0	
0	
0	
0	
1	
0	
0	
0	
0	
0	
0	
0	
0	
0	
0	
0	
0	
0	
0	
0	
1	
0	
0	
0	
0	
0	
0	
1	
0	
0	
0	
0	
0	
0	
0	
1	
0	
0	
0	
0	
1	
0	
0	
0	
0	
0	
0	
1	
0	
0	
0	
0	
0	
0	
0	
0	
0	
0	
0	
0	
0	
1	
0	
0	
0	
0	
0	
0	
0	
0	
1	
0	
0	
1	
0	
0	
0	
0	
0	
0	
1	
0	
0	
1	
0	
0	
0	
0	
0	
0	
0	
0	
0	
0	
0	
0	
0	
0	
1	
0	
0	
0	
1	
0	
0	
0	
0	
0	
0	
0	
0	
0	
1	
0	
0	
0	
0	
0	
0	
0	
0	
0	
0	
0	
0	
0	
1	
0	
1	
0	
0	
0	
0	
1	
0	
0	
0	
0	
0	
0	
0	
1	
0	
0	
0	
0	
0	
0	
0	
0	
0	
0	
0	
0	
0	
0	
0	
0	
0	
0	
0	
0	
0	
0	
0	
0	
0	
0	
0	
0	
0	
0	
0	
0	
0	
1	
0	
0	
1	
0	
0	
0	
0	
0	
0	
0	
0	
0	
0	
0	
0	
1	
0	
0	
0	
0	
0	
0	
1	
0	
0	
0	
0	
0	
0	
0	
0	
0	
0	
0	
0	
1	
0	
0	
0	
0	
0	
0	
1	
0	
0	
0	
0	
0	
0	
0	
0	
1	
0	
0	
2	
0	
1	
0	
0	
0	
0	
0	
0	
0	
0	
0	
0	
0	
0	
0	
0	
0	
1	
0	
0	
0	
0	
0	
0	
1	
1	
0	
0	
0	
0	
0	
0	
0	
0	
0	
0	
2	
0	
1	
0	
0	
0	
0	
0	
0	
0	
0	
0	
0	
0	
0	
0	
0	
0	
0	
0	
0	
0	
0	
1	
0	
0	
0	
0	
0	
1	
0	
0	
0	
1	
0	
0	
0	
1	
0	
1	
0	
0	
0	
0	
0	
0	
0	
0	
0	
0	
0	
0	
1	
0	
0	
0	
1	
0	
0	
0	
0	
0	
0	
0	
0	
0	
0	
0	
0	
0	
0	
0	
0	
0	
0	
0	
0	
0	
0	
0	
0	
0	
0	
0	
0	
0	
0	
0	
0	
0	
0	
0	
0	
0	
1	
0	
0	
0	
0	
0	
0	
0	
0	
0	
0	
0	
0	
0	
0	
0	
0	
0	
0	
0	
0	
0	
0	
1	
0	
0	
0	
0	
0	
0	
0	
1	
0	
0	
0	
0	
0	
0	
0	
0	
1	
0	
0	
0	
0	
1	
0	
1	
0	
0	
0	
0	
0	
0	
0	
0	
0	
0	
0	
0	
1	
1	
0	
0	
1	
0	
0	
0	
0	
0	
0	
0	
0	
0	
0	
0	
0	
1	
0	
0	
0	
0	
0	
0	
0	
0	
1	
0	
0	
0	
0	
0	
0	
0	
0	
0	
0	
0	
0	
0	
0	
0	
0	
0	
0	
0	
0	
0	
0	
0	
0	
0	
2	
1	
0	
0	
1	
0	
1	
1	
0	
0	
0	
1	
0	
0	
0	
0	
0	
0	
1	
0	
0	
0	
0	
0	
1	
0	
0	
1	
0	
1	
0	
1	
0	
0	
1	
0	
0	
0	
1	
0	
0	
2	
0	
0	
0	
0	
0	
0	
0	
0	
2	
2	
10	
8	
9	
6	
11	
9	
4	
0	
1	
1	
0	
3	
0	
1	
1	
0	
0	
0	
0	
1	
0	
0	
1	
0	
0	
0	
0	
0	
1	
0	
1	
0	
1	
0	
0	
0	
1	
0	
0	
0	
0	
0	
0	
0	
0	
0	
0	
0	
0	
1	
0	
1	
0	
1	
0	
0	
0	
0	
1	
0	
0	
0	
0	
0	
1	
0	
0	
0	
0	
0	
0	
0	
0	
0	
0	
0	
0	
0	
0	
0	
1	
0	
0	
0	
0	
0	
0	
0	
0	
0	
0	
0	
0	
0	
0	
0	
4	
2	
4	
5	
4	
14	
7	
5	
3	
1	
0	
0	
1	
0	
0	
0	
1	
2	
0	
0	
0	
0	
0	
0	
1	
1	
4	
39	
142	
426	
908	
1645	
2684	
4016	
5739	
7290	
8482	
9186	
9641	
9876	
9789	
9824	
9795	
10000	
9767	
9906	
9783	
9873	
9772	
9706	
9939	
9823	
9743	
9536	
9782	
9683	
9688	
9671	
9797	
9643	
9925	
9670	
9705	
9651	
9514	
9514	
9662	
9700	
9687	
9733	
9577	
9755	
9658	
9496	
9418	
9347	
9344	
9479	
9172	
9321	
9371	
9303	
9373	
9165	
9264	
8965	
9114	
9247	
9198	
9052	
9013	
9146	
8951	
9075	
9029	
8772	
8979	
8789	
8796	
8732	
8776	
8771	
8818	
8718	
8566	
8919	
8640	
8467	
8640	
8686	
8476	
8624	
8510	
8518	
8401	
8266	
8311	
8383	
8420	
8335	
8326	
8297	
8155	
8194	
8079	
8137	
8186	
8062	
8165	
8062	
8036	
8142	
8021	
8035	
8098	
7888	
8012	
7950	
8009	
7965	
7930	
7874	
7723	
7871	
7630	
7690	
7695	
7721	
7575	
7629	
7529	
7717	
7613	
7464	
7555	
7512	
7486	
7510	
7370	
7421	
7513	
7443	
7276	
7473	
7486	
7356	
7344	
7187	
7196	
7142	
7259	
7065	
7091	
7217	
7216	
6977	
7265	
7109	
7041	
7100	
7002	
6949	
6958	
6894	
7037	
6904	
6949	
6786	
6785	
6848	
6807	
6836	
6840	
6762	
6875	
6715	
6780	
6589	
6617	
6731	
6497	
6654	
6644	
6575	
6611	
6491	
6625	
6473	
6630	
6340	
6336	
6324	
6542	
6447	
6365	
6347	
6292	
6299	
6291	
6273	
6155	
6301	
6114	
6136	
6188	
6294	
6148	
6206	
6131	
5991	
6156	
6089	
6019	
6119	
6105	
5901	
6018	
6051	
5965	
5955	
5998	
5890	
5943	
5867	
5901	
5940	
5810	
5808	
5638	
5783	
5690	
5755	
5722	
5771	
5776	
5559	
5691	
5557	
5609	
5542	
5663	
5679	
5572	
5530	
5519	
5464	
5654	
5426	
5429	
5446	
5381	
5368	
5541	
5294	
5260	
5395	
5371	
5268	
5246	
5173	
5195	
5241	
5157	
5161	
5205	
5144	
5135	
5154	
5117	
5149	
5123	
5150	
5097	
5254	
5064	
5041	
4961	
5058	
4878	
4813	
5005	
4908	
4908	
4852	
4787	
4815	
4816	
4833	
4921	
4892	
4911	
4820	
4812	
4789	
4690	
4783	
4738	
4840	
4683	
4731	
4622	
4753	
4689	
4693	
4652	
4687	
4753	
4579	
4603	
4621	
4639	
4540	
4585	
4536	
4556	
4647	
4557	
4620	
4463	
4417	
4462	
4469	
4474	
4419	
4340	
4266	
4402	
4384	
4270	
4334	
4347	
4311	
4314	
4385	
4292	
4121	
4269	
4081	
4178	
4238	
4263	
4155	
4154	
4131	
4195	
4055	
4146	
4038	
4088	
4044	
4118	
4135	
4013	
4036	
4029	
3958	
3931	
4057	
3963	
3964	
3907	
3975	
3911	
3833	
3860	
3860	
3831	
3994	
3862	
3800	
3830	
3834	
3794	
3766	
3832	
3794	
3781	
3712	
3876	
3701	
3665	
3754	
3704	
3623	
3699	
3714	
3654	
3739	
3646	
3610	
3694	
3609	
3391	
3614	
3542	
3495	
3551	
3567	
3570	
3516	
3448	
3534	
3557	
3473	
3372	
3471	
3458	
3567	
3404	
3444	
3390	
3351	
3350	
3423	
3394	
3369	
3335	
3305	
3439	
3283	
3281	
3341	
3397	
3351	
3319	
3300	
3269	
3236	
3265	
3245	
3286	
3120	
3202	
3197	
3205	
3181	
3220	
3228	
3185	
3173	
3198	
3166	
3075	
3066	
3138	
3156	
3053	
3177	
3098	
3043	
3162	
3144	
3134	
3058	
3049	
3056	
3015	
2964	
2938	
3000	
3080	
2943	
2959	
3053	
2991	
2965	
2920	
2944	
2874	
2979	
2809	
2889	
2869	
2811	
2824	
2821	
2818	
2847	
2805	
2796	
2789	
2809	
2780	
2829	
2766	
2756	
2835	
2848	
2662	
2716	
2632	
2689	
2635	
2672	
2678	
2772	
2693	
2672	
2653	
2671	
2666	
2718	
2558	
2533	
2521	
2624	
2620	
2547	
2610	
2602	
2454	
2516	
2628	
2616	
2580	
2597	
2557	
2541	
2554	
2493	
2567	
2507	
2426	
2584	
2490	
2490	
2478	
2485	
2427	
2438	
2541	
2508	
2376	
2468	
2434	
2384	
2455	
2356	
2374	
2352	
2358	
2360	
2413	
2358	
2399	
2339	
2342	
2355	
2326	
2381	
2391	
2349	
2314	
2259	
2251	
2196	
2334	
2282	
2252	
2220	
2243	
2221	
2205	
2239	
2282	
2249	
2208	
2187	
2125	
2205	
2171	
2217	
2198	
2201	
2174	
2123	
2144	
2134	
2054	
2089	
2103	
2111	
2145	
2084	
2125	
2049	
2066	
2082	
2081	
2014	
2161	
2050	
2023	
2057	
1949	
2114	
2006	
2053	
2049	
2026	
2100	
1984	
2016	
1989	
1947	
1970	
2002	
1963	
1844	
1918	
1918	
1836	
1963	
1988	
1919	
1978	
1966	
1992	
1916	
1954	
1880	
1911	
1936	
1890	
1845	
1836	
1865	
1847	
1855	
1809	
1828	
1812	
1845	
1804	
1812	
1860	
1811	
1785	
1827	
1826	
1784	
1766	
1697	
1820	
1798	
1803	
1786	
1730	
1821	
1811	
1704	
1697	
1688	
1603	
1724	
1627	
1731	
1642	
1700	
1730	
1737	
1687	
1595	
1656	
1728	
1589	
1643	
1680	
1644	
1680	
1650	
1585	
1662	
1602	
1634	
1476	
1546	
1615	
1579	
1570	
1597	
1585	
1611	
1573	
1561	
1543	
1534	
1541	
1605	
1629	
1531	
1555	
1565	
1562	
1486	
1556	
1526	
1512	
1464	
1489	
1506	
1410	
1495	
1507	
1471	
1478	
1459	
1457	
1450	
1460	
1454	
1402	
1498	
1423	
1418	
1428	
1413	
1506	
1443	
1397	
1390	
1388	
1412	
1415	
1477	
1373	
1383	
1387	
1381	
1301	
1440	
1298	
1280	
1345	
1350	
1365	
1406	
1312	
1376	
1330	
1353	
1320	
1338	
1330	
1350	
1306	
1338	
1309	
1360	
1258	
1247	
1270	
1314	
1320	
1273	
1267	
1245	
1253	
1275	
1275	
1359	
1266	
1253	
1327	
1205	
1222	
1290	
1259	
1227	
1235	
1229	
1227	
1198	
1258	
1195	
1186	
1208	
1188	
1184	
1212	
1274	
1209	
1207	
1211	
1152	
1204	
1231	
1157	
1190	
1210	
1154	
1212	
1125	
1121	
1086	
1125	
1141	
1150	
1187	
1123	
1119	
1122	
1129	
1106	
1147	
1060	
1066	
1149	
1142	
1079	
1101	
1058	
1094	
1164	
1106	
1097	
1096	
1085	
1101	
1063	
1062	
1060	
1051	
1038	
1080	
1089	
1075	
1060	
1083	
992	
1074	
1004	
1055	
1034	
1061	
1055	
1010	
1028	
1023	
1019	
976	
1060	
1005	
1007	
956	
1022	
1010	
1014	
1006	
956	
999	
971	
970	
954	
987	
992	
945	
971	
944	
918	
955	
943	
944	
1012	
935	
969	
962	
929	
879	
917	
991	
943	
956	
946	
916	
900	
938	
909	
933	
912	
917	
952	
868	
879	
929	
871	
926	
890	
848	
924	
894	
914	
847	
881	
852	
906	
904	
845	
873	
861	
831	
860	
872	
871	
844	
847	
775	
793	
851	
793	
818	
853	
746	
818	
817	
860	
771	
795	
813	
843	
821	
784	
811	
815	
792	
764	
805	
834	
787	
797	
801	
779	
753	
757	
760	
824	
727	
738	
734	
742	
780	
740	
833	
751	
765	
751	
770	
731	
723	
758	
742	
731	
765	
741	
673	
780	
725	
715	
727	
740	
669	
735	
743	
740	
692	
726	
728	
695	
680	
690	
697	
715	
708	
743	
699	
712	
691	
667	
678	
663	
662	
696	
670	
703	
667	
690	
706	
654	
678	
647	
662	
627	
689	
618	
616	
650	
624	
656	
637	
642	
716	
664	
621	
665	
592	
654	
644	
615	
625	
639	
589	
597	
620	
604	
589	
592	
598	
635	
618	
596	
624	
667	
624	
624	
595	
591	
580	
624	
547	
604	
568	
607	
591	
636	
602	
603	
634	
587	
594	
534	
603	
553	
534	
573	
572	
578	
587	
579	
553	
556	
578	
555	
536	
529	
536	
597	
524	
608	
546	
528	
531	
527	
503	
542	
569	
530	
531	
554	
523	
542	
506	
536	
520	
525	
483	
570	
494	
507	
508	
549	
485	
514	
542	
491	
483	
488	
481	
505	
484	
488	
486	
504	
471	
472	
502	
508	
517	
517	
498	
465	
499	
504	
506	
480	
452	
488	
454	
481	
490	
516	
479	
494	
467	
429	
482	
481	
485	
446	
445	
447	
496	
453	
451	
460	
438	
431	
435	
435	
466	
450	
421	
430	
422	
418	
424	
397	
460	
417	
430	
448	
385	
414	
408	
440	
399	
427	
429	
446	
434	
442	
413	
442	
442	
419	
385	
402	
425	
362	
403	
381	
398	
411	
393	
400	
443	
380	
387	
405	
397	
387	
426	
398	
401	
426	
366	
402	
393	
406	
398	
384	
363	
391	
372	
406	
384	
379	
385	
378	
397	
409	
361	
338	
303	
339	
372	
381	
380	
362	
374	
328	
371	
395	
365	
332	
360	
368	
346	
349	
307	
368	
368	
346	
342	
367	
338	
375	
340	
357	
310	
324	
342	
343	
329	
345	
366	
349	
356	
331	
348	
354	
353	
338	
337	
335	
342	
328	
329	
304	
312	
313	
342	
310	
356	
292	
318	
320	
333	
318	
305	
345	
301	
323	
315	
318	
311	
297	
305	
315	
303	
313	
299	
312	
318	
272	
319	
319	
302	
324	
327	
300	
280	
289	
295	
302	
297	
293	
289	
310	
272	
288	
260	
301	
295	
279	
288	
273	
324	
274	
286	
280	
271	
288	
281	
283	
319	
297	
289	
294	
280	
263	
299	
273	
276	
264	
255	
259	
284	
283	
273	
255	
276	
258	
271	
267	
258	
270	
265	
276	
284	
251	
244	
264	
254	
246	
261	
247	
285	
251	
230	
245	
263	
252	
260	
244	
254	
228	
236	
223	
254	
264	
252	
241	
261	
237	
239	
238	
258	
246	
223	
245	
214	
240	
227	
231	
220	
231	
219	
222	
235	
250	
226	
207	
211	
238	
220	
223	
214	
210	
239	
234	
225	
199	
235	
194	
235	
232	
219	
241	
220	
177	
217	
220	
244	
228	
204	
201	
205	
233	
197	
218	
196	
222	
198	
209	
202	
205	
207	
223	
203	
200	
187	
193	
216	
195	
211	
202	
198	
190	
202	
208	
212	
196	
209	
166	
169	
203	
211	
190	
209	
181	
195	
183	
184	
183	
201	
195	
172	
178	
197	
200	
176	
174	
184	
188	
215	
179	
195	
190	
173	
188	
196	
194	
163	
176	
186	
176	
185	
192	
162	
174	
167	
203	
190	
174	
172	
182	
184	
185	
167	
176	
195	
167	
165	
171	
164	
159	
190	
176	
179	
179	
162	
173	
153	
155	
186	
179	
155	
170	
171	
159	
161	
160	
155	
187	
175	
166	
164	
147	
166	
157	
169	
163	
171	
161	
142	
147	
170	
155	
149	
147	
143	
156	
128	
149	
125	
155	
150	
161	
167	
145	
125	
157	
138	
140	
139	
138	
139	
151	
157	
168	
164	
146	
142	
138	
135	
142	
136	
145	
119	
144	
152	
166	
161	
136	
124	
132	
131	
114	
155	
139	
121	
133	
152	
137	
137	
130	
140	
129	
132	
130	
137	
118	
157	
156	
133	
125	
118	
144	
141	
146	
141	
132	
139	
138	
124	
126	
102	
135	
129	
128	
141	
125	
123	
136	
124	
106	
136	
138	
125	
117	
135	
134	
108	
116	
114	
121	
100	
113	
119	
117	
117	
129	
138	
114	
104	
124	
138	
108	
120	
139	
135	
111	
134	
122	
112	
111	
123	
127	
115	
114	
118	
98	
137	
116	
125	
106	
126	
113	
121	
106	
103	
95	
108	
99	
108	
95	
121	
109	
106	
112	
115	
104	
112	
95	
105	
112	
111	
107	
101	
128	
96	
116	
105	
92	
85	
127	
112	
109	
110	
112	
91	
101	
109	
106	
79	
90	
116	
101	
89	
128	
96	
115	
92	
97	
84	
120	
103	
93	
96	
87	
89	
95	
87	
109	
109	
84	
87	
94	
98	
94	
102	
98	
90	
100	
98	
94	
96	
82	
96	
89	
101	
89	
97	
85	
73	
85	
96	
90	
81	
75	
87	
68	
85	
82	
85	
87	
92	
87	
72	
75	
97	
75	
73	
89	
85	
76	
90	
93	
84	
79	
93	
118	
75	
96	
93	
105	
89	
93	
75	
71	
90	
81	
87	
61	
85	
77	
82	
81	
75	
80	
77	
68	
77	
74	
72	
65	
71	
75	
88	
67	
82	
67	
65	
65	
74	
64	
69	
86	
76	
87	
78	
74	
75	
74	
72	
83	
81	
73	
70	
69	
63	
70	
59	
76	
82	
61	
57	
75	
74	
61	
66	
73	
67	
76	
58	
68	
71	
68	
65	
61	
78	
54	
80	
51	
64	
60	
65	
70	
64	
70	
47	
72	
49	
53	
61	
71	
61	
74	
72	
62	
65	
63	
54	
59	
66	
62	
52	
56	
54	
59	
68	
53	
59	
81	
75	
72	
44	
60	
45	
62	
53	
68	
61	
52	
63	
64	
66	
53	
63	
51	
56	
56	
57	
55	
66	
56	
63	
56	
53	
56	
46	
56	
54	
57	
58	
58	
60	
65	
59	
55	
52	
56	
57	
69	
56	
60	
58	
53	
59	
54	
62	
57	
48	
55	
54	
39	
61	
65	
42	
51	
48	
47	
58	
50	
56	
50	
57	
38	
37	
64	
55	
35	
47	
49	
51	
52	
45	
50	
57	
54	
58	
37	
61	
55	
51	
53	
55	
59	
34	
41	
58	
57	
51	
47	
37	
32	
44	
52	
37	
41	
60	
55	
42	
54	
40	
51	
46	
49	
42	
46	
43	
47	
43	
40	
39	
46	
40	
57	
45	
52	
51	
42	
55	
39	
38	
37	
39	
40	
45	
43	
43	
48	
45	
58	
46	
37	
28	
45	
39	
44	
37	
47	
44	
40	
44	
36	
36	
41	
38	
49	
43	
47	
41	
39	
40	
41	
41	
47	
26	
52	
41	
45	
42	
44	
46	
47	
36	
32	
51	
31	
40	
43	
48	
30	
38	
31	
36	
44	
34	
43	
40	
38	
32	
33	
37	
37	
35	
50	
42	
42	
29	
27	
44	
33	
37	
41	
35	
33	
40	
44	
36	
34	
38	
32	
33	
28	
41	
29	
36	
36	
28	
43	
40	
28	
37	
31	
31	
30	
52	
48	
38	
38	
35	
25	
39	
34	
30	
23	
27	
32	
36	
32	
25	
29	
36	
23	
23	
31	
37	
29	
22	
32	
30	
22	
25	
33	
30	
27	
31	
31	
31	
41	
30	
28	
31	
34	
32	
28	
38	
28	
29	
35	
32	
36	
26	
34	
26	
36	
28	
27	
41	
35	
48	
25	
25	
31	
32	
34	
32	
33	
27	
40	
27	
19	
19	
32	
27	
24	
28	
27	
27	
28	
27	
28	
25	
28	
24	
47	
20	
26	
26	
29	
24	
24	
32	
28	
28	
22	
33	
27	
26	
20	
25	
25	
23	
31	
15	
28	
30	
32	
26	
28	
21	
29	
28	
22	
24	
21	
31	
32	
22	
27	
18	
27	
20	
28	
21	
10	
26	
24	
29	
20	
29	
18	
24	
24	
28	
27	
21	
17	
25	
32	
22	
23	
23	
31	
26	
20	
25	
34	
18	
18	
24	
15	
24	
13	
20	
24	
19	
15	
21	
18	
23	
35	
25	
17	
22	
20	
20	
23	
34	
12	
16	
20	
23	
38	
17	
20	
19	
16	
21	
27	
19	
14	
18	
13	
25	
24	
24	
18	
13	
10	
14	
18	
18	
20	
20	
16	
17	
13	
21	
17	
19	
21	
13	
22	
13	
18	
18	
19	
17	
26	
26	
17	
14	
14	
13	
22	
20	
25	
21	
19	
16	
17	
20	
13	
23	
16	
15	
16	
18	
15	
23	
17	
17	
19	
25	
18	
15	
16	
19	
19	
19	
27	
21	
16	
21	
17	
17	
12	
16	
14	
17	
12	
15	
17	
18	
27	
14	
24	
15	
19	
14	
20	
9	
17	
24	
19	
8	
18	
21	
19	
17	
15	
14	
16	
9	
15	
22	
13	
15	
14	
17	
15	
12	
10	
14	
7	
19	
15	
14	
14	
15	
19	
12	
18	
12	
10	
14	
18	
14	
23	
10	
16	
18	
13	
11	
12	
17	
13	
18	
9	
12	
8	
11	
14	
20	
19	
17	
17	
14	
9	
11	
12	
19	
15	
16	
18	
8	
20	
14	
17	
21	
16	
11	
7	
14	
8	
13	
16	
14	
16	
12	
14	
14	
11	
12	
16	
11	
18	
14	
13	
11	
17	
21	
11	
15	
16	
20	
12	
9	
12	
10	
9	
10	
12	
15	
13	
13	
8	
14	
12	
9	
11	
15	
16	
11	
12	
15	
15	
14	
4	
10	
8	
8	
5	
17	
13	
14	
6	
13	
9	
10	
5	
11	
4	
11	
10	
7	
10	
11	
11	
9	
9	
12	
11	
13	
10	
11	
8	
7	
13	
9	
8	
14	
10	
17	
12	
10	
9	
12	
9	
17	
9	
11	
11	
6	
9	
13	
10	
8	
4	
6	
7	
13	
11	
11	
8	
8	
4	
7	
8	
7	
12	
11	
6	
17	
9	
9	
6	
14	
13	
11	
4	
10	
13	
9	
17	
6	
10	
11	
12	
5	
10	
10	
9	
7	
8	
10	
8	
7	
5	
9	
10	
10	
10	
14	
10	
14	
10	
11	
3	
14	
6	
13	
12	
14	
6	
11	
16	
6	
7	
11	
12	
5	
10	
8	
8	
11	
4	
8	
4	
8	
4	
16	
9	
12	
9	
9	
11	
7	
7	
11	
6	
10	
6	
5	
7	
7	
4	
5	
8	
