#PicoHarp 300  Histogram Data			28/04/2023 04:59:57 PM
#channels per curve
5125
#display curve no.
0	
#memory block no.
0	
#ns/channel
0.0080	
#counts
1	
0	
0	
0	
0	
0	
0	
0	
0	
0	
0	
1	
0	
1	
0	
0	
0	
0	
0	
0	
0	
1	
0	
0	
1	
0	
0	
0	
0	
0	
0	
0	
0	
0	
0	
0	
0	
0	
0	
0	
0	
0	
0	
0	
0	
0	
0	
0	
1	
0	
0	
0	
0	
0	
1	
0	
0	
0	
1	
0	
0	
0	
0	
2	
1	
0	
0	
2	
0	
1	
0	
0	
4	
3	
1	
2	
1	
6	
2	
6	
9	
6	
13	
9	
21	
30	
46	
71	
149	
289	
495	
1004	
1630	
2598	
3502	
4665	
5727	
6555	
7321	
7861	
8339	
8619	
8990	
9263	
9288	
9456	
9560	
9438	
9602	
9744	
9867	
9810	
9905	
9832	
9890	
9909	
9769	
9844	
9892	
10000	
9801	
9921	
9793	
9798	
9874	
9975	
9756	
9860	
9964	
9763	
9731	
9862	
9856	
9543	
9845	
9960	
9798	
9865	
9888	
9811	
9823	
9653	
9534	
9682	
9726	
9642	
9594	
9881	
9587	
9651	
9621	
9672	
9688	
9577	
9716	
9670	
9572	
9609	
9600	
9750	
9591	
9649	
9685	
9537	
9461	
9565	
9575	
9488	
9520	
9510	
9471	
9435	
9397	
9286	
9559	
9493	
9420	
9286	
9322	
9391	
9295	
9296	
9085	
9269	
9213	
9030	
8997	
9035	
9018	
9165	
9178	
8942	
9254	
9013	
9073	
9279	
9303	
8952	
9089	
9084	
9117	
8997	
8943	
8930	
9009	
8925	
8922	
9004	
8940	
8969	
8926	
8999	
8798	
8655	
8790	
8664	
8681	
8809	
8798	
8587	
8685	
8643	
8502	
8626	
8722	
8637	
8550	
8587	
8603	
8489	
8665	
8644	
8635	
8501	
8401	
8648	
8659	
8730	
8639	
8447	
8549	
8357	
8496	
8386	
8386	
8397	
8324	
8243	
8259	
8397	
8395	
8008	
8316	
8285	
8040	
8057	
8100	
8147	
8139	
8041	
8086	
7902	
8039	
8011	
8108	
8001	
8019	
7981	
7936	
8078	
7901	
8126	
7969	
7891	
7947	
7923	
7927	
7818	
7796	
7856	
7775	
7875	
7871	
7796	
7810	
7855	
7752	
7733	
7730	
7794	
7641	
7854	
7730	
7605	
7828	
7742	
7529	
7522	
7565	
7581	
7551	
7714	
7518	
7487	
7606	
7552	
7453	
7473	
7535	
7498	
7454	
7407	
7525	
7524	
7532	
7363	
7445	
7455	
7382	
7342	
7369	
7333	
7302	
7350	
7405	
7161	
7311	
7148	
7169	
7114	
7109	
7092	
7278	
7195	
7144	
7133	
7192	
7324	
7119	
7127	
7093	
7091	
6932	
7066	
6998	
6974	
7044	
6976	
7080	
6818	
6953	
6837	
6888	
6797	
6847	
6828	
7000	
7122	
6920	
6854	
6777	
6757	
6870	
6801	
6714	
6763	
6761	
6754	
6854	
6753	
6671	
6712	
6781	
6627	
6601	
6718	
6619	
6645	
6531	
6733	
6643	
6737	
6598	
6616	
6685	
6563	
6443	
6409	
6496	
6317	
6531	
6416	
6615	
6432	
6417	
6500	
6536	
6385	
6473	
6376	
6442	
6391	
6421	
6418	
6371	
6318	
6376	
6292	
6365	
6230	
6213	
6230	
6264	
6196	
6115	
6205	
6378	
6306	
6054	
6190	
6232	
6195	
6188	
6133	
6198	
6103	
6134	
6018	
6021	
6000	
6102	
5918	
6039	
6003	
6103	
5996	
6081	
5984	
5965	
5967	
5817	
6070	
5919	
5990	
5980	
5944	
5822	
5947	
5908	
5844	
5953	
5810	
5897	
5881	
5711	
5880	
5808	
5806	
5930	
5704	
5774	
5682	
5771	
5660	
5815	
5856	
5692	
5705	
5820	
5651	
5607	
5684	
5725	
5770	
5676	
5647	
5567	
5646	
5646	
5501	
5516	
5661	
5684	
5634	
5478	
5514	
5473	
5516	
5574	
5581	
5568	
5448	
5466	
5470	
5425	
5271	
5438	
5437	
5283	
5417	
5497	
5288	
5385	
5289	
5345	
5382	
5345	
5411	
5354	
5361	
5259	
5183	
5257	
5217	
5122	
5149	
5223	
5386	
5240	
5223	
5189	
5260	
5151	
5244	
5275	
5181	
5214	
5151	
5070	
5289	
5150	
5137	
5093	
5060	
5051	
5024	
5090	
4994	
5030	
5087	
5001	
4973	
5076	
4940	
5059	
5046	
5027	
4882	
5009	
4859	
4912	
4904	
4881	
4913	
4863	
5032	
4899	
4846	
4872	
4842	
4944	
4827	
4879	
4822	
4708	
4687	
4704	
4816	
4761	
4752	
4833	
4927	
4759	
4812	
4777	
4784	
4809	
4756	
4703	
4655	
4841	
4724	
4736	
4598	
4613	
4702	
4580	
4713	
4743	
4620	
4600	
4552	
4661	
4630	
4556	
4535	
4553	
4581	
4542	
4606	
4520	
4524	
4495	
4535	
4577	
4526	
4720	
4536	
4558	
4515	
4468	
4380	
4291	
4481	
4496	
4498	
4319	
4396	
4480	
4372	
4419	
4336	
4386	
4370	
4434	
4389	
4375	
4319	
4369	
4317	
4319	
4205	
4302	
4268	
4300	
4251	
4298	
4264	
4149	
4412	
4196	
4222	
4262	
4138	
4093	
4251	
4243	
4138	
4278	
4117	
4312	
4181	
4120	
4182	
4061	
4164	
4090	
4203	
4129	
4030	
4161	
4026	
4123	
4028	
4047	
4118	
4089	
4137	
4221	
4048	
4055	
4026	
3900	
4013	
4094	
4118	
3947	
3963	
3950	
3921	
4144	
4039	
3945	
4017	
3917	
4069	
3909	
3856	
3927	
3882	
3952	
3959	
3982	
3943	
3891	
3842	
3874	
3924	
3860	
3831	
3847	
3787	
3795	
3885	
3770	
3849	
3747	
3730	
3710	
3787	
3767	
3769	
3732	
3825	
3658	
3791	
3734	
3800	
3747	
3705	
3632	
3792	
3668	
3674	
3648	
3685	
3763	
3822	
3699	
3651	
3660	
3645	
3581	
3609	
3559	
3524	
3606	
3594	
3586	
3704	
3598	
3564	
3632	
3532	
3567	
3681	
3567	
3550	
3451	
3507	
3543	
3489	
3560	
3549	
3409	
3599	
3468	
3403	
3536	
3461	
3423	
3418	
3474	
3379	
3408	
3316	
3362	
3434	
3345	
3404	
3519	
3363	
3487	
3430	
3474	
3336	
3365	
3238	
3482	
3370	
3412	
3335	
3320	
3276	
3281	
3361	
3279	
3291	
3325	
3377	
3294	
3210	
3276	
3209	
3171	
3178	
3169	
3256	
3180	
3248	
3311	
3296	
3245	
3228	
3210	
3293	
3214	
3197	
3234	
3194	
3101	
3057	
3101	
3211	
3176	
3270	
3190	
3165	
3308	
3090	
3191	
3116	
3069	
3078	
3101	
3076	
3072	
3162	
3054	
3122	
3119	
3032	
3093	
2985	
3045	
3108	
3089	
3061	
2931	
3015	
3024	
2967	
3040	
3051	
3140	
2952	
2949	
2996	
3028	
2985	
3056	
3001	
2851	
2878	
2874	
2874	
2966	
2868	
2978	
3044	
2921	
2895	
2981	
2963	
2900	
2865	
2881	
3041	
2729	
2923	
2861	
2891	
2799	
2794	
2950	
2833	
2848	
2785	
2763	
2737	
2816	
2876	
2821	
2811	
2776	
2809	
2773	
2854	
2719	
2809	
2862	
2823	
2760	
2743	
2735	
2848	
2770	
2759	
2810	
2767	
2723	
2677	
2688	
2769	
2690	
2681	
2622	
2711	
2666	
2695	
2558	
2627	
2655	
2709	
2710	
2708	
2788	
2722	
2640	
2656	
2657	
2658	
2643	
2699	
2685	
2613	
2612	
2631	
2677	
2530	
2537	
2637	
2512	
2707	
2631	
2605	
2578	
2593	
2639	
2585	
2531	
2505	
2601	
2586	
2526	
2523	
2528	
2517	
2541	
2655	
2474	
2563	
2540	
2512	
2467	
2523	
2420	
2444	
2466	
2363	
2469	
2452	
2482	
2417	
2429	
2392	
2566	
2556	
2391	
2411	
2466	
2421	
2286	
2512	
2418	
2468	
2494	
2304	
2328	
2378	
2477	
2402	
2486	
2333	
2368	
2296	
2374	
2361	
2347	
2273	
2330	
2385	
2410	
2280	
2349	
2287	
2240	
2329	
2295	
2283	
2354	
2349	
2237	
2356	
2374	
2182	
2298	
2324	
2241	
2312	
2271	
2282	
2306	
2269	
2245	
2240	
2248	
2244	
2226	
2288	
2240	
2205	
2302	
2180	
2179	
2280	
2255	
2228	
2237	
2204	
2181	
2173	
2231	
2227	
2254	
2174	
2201	
2253	
2173	
2241	
2196	
2163	
2180	
2138	
2195	
2099	
2118	
2152	
2129	
2216	
2111	
2194	
2089	
2039	
2104	
2098	
2194	
2071	
2070	
2152	
2112	
2088	
2072	
2088	
2082	
2040	
2103	
2149	
2031	
2032	
2092	
2021	
2061	
2044	
2080	
2076	
1975	
1966	
2043	
2028	
2010	
2029	
2020	
1985	
2028	
2011	
1982	
1970	
2005	
1961	
1912	
1876	
1897	
1962	
1964	
1933	
2063	
1937	
1907	
2007	
1959	
1953	
1909	
1944	
1860	
1974	
1914	
2004	
2054	
1894	
1928	
1902	
1845	
1987	
1859	
1948	
1878	
1863	
1847	
1885	
1941	
1879	
1863	
1878	
1856	
1844	
1910	
1881	
1894	
1864	
1861	
1826	
1807	
1874	
1854	
1858	
1808	
1847	
1852	
1851	
1794	
1811	
1803	
1833	
1824	
1806	
1753	
1768	
1837	
1797	
1836	
1713	
1796	
1770	
1726	
1734	
1796	
1737	
1774	
1814	
1781	
1717	
1753	
1698	
1714	
1792	
1750	
1711	
1733	
1706	
1750	
1689	
1785	
1758	
1749	
1772	
1724	
1782	
1758	
1648	
1777	
1682	
1722	
1744	
1710	
1687	
1781	
1653	
1690	
1703	
1660	
1701	
1669	
1719	
1652	
1679	
1638	
1661	
1636	
1557	
1609	
1621	
1551	
1627	
1674	
1635	
1708	
1699	
1612	
1616	
1582	
1621	
1662	
1623	
1583	
1628	
1608	
1583	
1554	
1547	
1619	
1649	
1589	
1576	
1574	
1558	
1598	
1559	
1551	
1561	
1542	
1614	
1542	
1556	
1522	
1512	
1481	
1542	
1572	
1532	
1552	
1485	
1544	
1508	
1568	
1511	
1521	
1544	
1528	
1539	
1571	
1509	
1603	
1548	
1527	
1499	
1517	
1502	
1507	
1516	
1466	
1424	
1484	
1426	
1418	
1511	
1378	
1486	
1469	
1461	
1466	
1496	
1414	
1443	
1491	
1496	
1437	
1457	
1464	
1526	
1385	
1486	
1407	
1464	
1344	
1440	
1454	
1403	
1411	
1426	
1386	
1385	
1431	
1454	
1492	
1353	
1389	
1342	
1377	
1370	
1455	
1408	
1360	
1442	
1405	
1408	
1394	
1417	
1359	
1400	
1390	
1318	
1432	
1324	
1352	
1336	
1284	
1390	
1337	
1363	
1358	
1359	
1411	
1367	
1378	
1354	
1289	
1365	
1307	
1318	
1345	
1338	
1373	
1291	
1316	
1409	
1338	
1281	
1347	
1333	
1308	
1349	
1285	
1309	
1290	
1317	
1307	
1316	
1290	
1330	
1259	
1326	
1267	
1276	
1314	
1242	
1197	
1283	
1230	
1211	
1282	
1286	
1278	
1256	
1248	
1225	
1220	
1302	
1244	
1185	
1279	
1169	
1281	
1278	
1196	
1228	
1237	
1196	
1243	
1237	
1235	
1125	
1169	
1132	
1223	
1207	
1265	
1210	
1234	
1247	
1183	
1121	
1161	
1156	
1205	
1170	
1155	
1140	
1161	
1180	
1226	
1169	
1154	
1131	
1185	
1227	
1154	
1120	
1162	
1203	
1141	
1170	
1170	
1145	
1117	
1127	
1196	
1162	
1186	
1175	
1136	
1142	
1137	
1111	
1111	
1105	
1088	
1111	
1162	
1144	
1160	
1187	
1097	
1139	
1100	
1079	
1105	
1075	
1164	
1120	
1132	
1128	
1042	
1100	
1049	
1124	
1144	
1133	
1088	
1109	
1090	
999	
1027	
1128	
1104	
1062	
1107	
1055	
1096	
1062	
1066	
1060	
1069	
996	
1081	
1085	
1027	
1026	
1032	
1018	
1038	
1054	
1064	
1012	
1050	
1026	
1038	
1011	
1055	
1014	
1012	
1053	
1023	
1040	
1034	
999	
986	
1020	
948	
1048	
1029	
1021	
1058	
984	
1045	
979	
988	
1006	
1032	
962	
985	
957	
943	
1018	
986	
991	
1052	
972	
933	
930	
974	
1020	
1019	
973	
984	
958	
1008	
944	
999	
899	
959	
933	
986	
902	
962	
916	
917	
929	
969	
1020	
954	
933	
974	
948	
989	
963	
948	
903	
960	
914	
938	
941	
880	
859	
911	
998	
878	
892	
874	
947	
915	
893	
893	
922	
921	
883	
882	
901	
948	
892	
909	
916	
902	
886	
917	
923	
901	
896	
955	
856	
872	
858	
825	
877	
873	
927	
862	
895	
868	
839	
870	
858	
934	
889	
830	
892	
875	
890	
839	
850	
866	
883	
879	
868	
858	
835	
843	
862	
851	
815	
819	
875	
826	
869	
902	
845	
841	
815	
870	
822	
828	
873	
768	
842	
836	
792	
768	
797	
770	
841	
802	
780	
778	
817	
815	
836	
808	
727	
841	
856	
766	
798	
823	
774	
781	
737	
766	
759	
798	
771	
791	
749	
797	
777	
788	
801	
812	
769	
764	
721	
760	
742	
756	
832	
764	
749	
789	
757	
778	
747	
767	
794	
761	
753	
744	
746	
788	
786	
778	
775	
781	
794	
809	
763	
768	
735	
775	
739	
741	
779	
714	
729	
735	
781	
748	
703	
675	
721	
756	
723	
739	
739	
754	
646	
776	
689	
713	
698	
689	
698	
758	
742	
670	
721	
711	
706	
719	
723	
677	
689	
713	
737	
700	
723	
678	
712	
721	
627	
659	
694	
698	
625	
651	
721	
656	
652	
658	
647	
629	
662	
684	
653	
672	
629	
643	
683	
623	
631	
656	
682	
609	
686	
643	
657	
682	
667	
674	
731	
625	
635	
668	
684	
641	
695	
635	
615	
680	
678	
664	
612	
636	
626	
623	
618	
634	
612	
694	
624	
680	
590	
645	
627	
646	
680	
641	
628	
664	
631	
639	
638	
642	
590	
624	
628	
612	
648	
608	
599	
580	
596	
604	
604	
583	
581	
614	
605	
625	
578	
660	
621	
589	
609	
572	
605	
564	
618	
643	
599	
607	
586	
603	
568	
555	
564	
575	
608	
568	
608	
596	
584	
563	
614	
593	
608	
562	
591	
577	
583	
570	
628	
569	
620	
583	
546	
570	
571	
562	
581	
553	
529	
556	
552	
564	
530	
555	
543	
523	
542	
574	
569	
537	
570	
546	
553	
514	
538	
519	
536	
493	
542	
475	
551	
536	
538	
514	
497	
516	
507	
526	
544	
530	
561	
531	
585	
559	
539	
542	
535	
507	
521	
530	
522	
527	
534	
508	
529	
536	
508	
545	
504	
563	
524	
480	
541	
499	
458	
508	
518	
482	
522	
527	
505	
485	
481	
515	
499	
488	
481	
473	
468	
535	
456	
494	
492	
500	
509	
552	
482	
509	
484	
565	
450	
502	
486	
477	
472	
498	
483	
458	
447	
514	
505	
507	
463	
484	
464	
470	
492	
442	
472	
445	
490	
483	
486	
467	
460	
442	
436	
471	
486	
466	
494	
450	
461	
479	
479	
426	
461	
486	
424	
467	
465	
502	
448	
448	
458	
419	
435	
447	
454	
450	
416	
444	
436	
446	
471	
421	
435	
399	
450	
449	
484	
435	
453	
430	
388	
412	
447	
469	
439	
409	
462	
432	
391	
418	
441	
455	
440	
407	
412	
429	
398	
451	
436	
437	
413	
444	
425	
434	
430	
444	
404	
412	
402	
396	
375	
437	
449	
431	
451	
385	
408	
423	
390	
431	
396	
390	
395	
397	
418	
391	
368	
412	
386	
402	
430	
415	
414	
415	
422	
403	
404	
385	
406	
404	
389	
377	
387	
388	
398	
393	
374	
407	
360	
390	
400	
377	
383	
391	
399	
417	
369	
405	
399	
357	
401	
353	
394	
377	
377	
424	
418	
399	
386	
360	
366	
350	
355	
354	
377	
394	
370	
373	
364	
338	
335	
383	
332	
357	
387	
363	
361	
356	
376	
347	
371	
335	
380	
373	
360	
345	
372	
362	
386	
388	
389	
344	
350	
341	
382	
387	
346	
374	
341	
362	
353	
348	
329	
353	
338	
381	
370	
335	
332	
349	
385	
342	
357	
317	
321	
348	
342	
380	
292	
319	
346	
341	
338	
349	
338	
372	
365	
336	
368	
360	
341	
335	
319	
363	
333	
350	
336	
333	
334	
334	
332	
296	
345	
297	
359	
320	
319	
322	
354	
338	
318	
320	
347	
310	
296	
304	
302	
323	
322	
328	
339	
332	
320	
343	
321	
327	
323	
348	
313	
296	
311	
318	
281	
303	
330	
349	
310	
314	
312	
315	
310	
310	
291	
307	
287	
319	
326	
298	
302	
309	
328	
332	
322	
259	
296	
285	
288	
311	
323	
332	
262	
299	
300	
305	
294	
312	
312	
319	
281	
286	
275	
306	
308	
290	
279	
277	
289	
277	
325	
299	
285	
275	
277	
283	
286	
257	
285	
254	
274	
320	
270	
293	
300	
276	
268	
247	
302	
253	
266	
294	
271	
313	
301	
261	
247	
281	
267	
297	
256	
287	
309	
274	
264	
269	
261	
276	
278	
267	
261	
287	
270	
261	
279	
253	
272	
268	
294	
265	
254	
250	
262	
248	
276	
261	
281	
259	
254	
260	
248	
297	
274	
263	
275	
289	
246	
264	
259	
246	
263	
275	
256	
297	
258	
291	
259	
273	
247	
249	
246	
287	
253	
287	
255	
261	
221	
248	
241	
250	
264	
238	
230	
234	
223	
242	
256	
237	
269	
241	
275	
239	
247	
269	
258	
229	
217	
249	
264	
261	
219	
249	
212	
221	
229	
244	
249	
234	
238	
248	
241	
225	
221	
230	
257	
240	
239	
260	
243	
242	
238	
224	
220	
219	
256	
255	
233	
201	
226	
227	
234	
236	
253	
227	
218	
231	
236	
238	
220	
248	
210	
235	
241	
220	
238	
190	
220	
230	
243	
237	
219	
254	
220	
205	
222	
224	
208	
249	
230	
220	
226	
217	
188	
225	
214	
216	
195	
227	
207	
217	
214	
214	
214	
241	
206	
234	
222	
254	
211	
175	
186	
216	
227	
207	
222	
226	
214	
202	
207	
190	
194	
215	
197	
207	
215	
201	
205	
214	
195	
195	
216	
212	
211	
212	
165	
172	
208	
196	
185	
200	
201	
208	
193	
208	
184	
185	
229	
204	
221	
192	
184	
202	
199	
204	
200	
195	
220	
160	
186	
209	
180	
186	
213	
204	
183	
158	
162	
218	
210	
204	
199	
178	
189	
195	
192	
180	
196	
210	
190	
210	
175	
179	
205	
154	
191	
197	
178	
179	
167	
188	
179	
184	
167	
177	
190	
156	
195	
208	
179	
188	
195	
185	
161	
200	
192	
178	
175	
184	
178	
185	
190	
190	
151	
190	
188	
169	
183	
188	
168	
164	
176	
186	
190	
176	
169	
183	
189	
141	
169	
160	
176	
178	
184	
175	
173	
158	
166	
149	
154	
163	
165	
179	
174	
157	
205	
188	
166	
176	
139	
173	
176	
173	
144	
179	
172	
171	
156	
170	
146	
162	
157	
135	
149	
156	
163	
166	
187	
165	
161	
155	
177	
171	
168	
159	
169	
146	
149	
160	
151	
155	
162	
162	
170	
174	
175	
144	
177	
164	
164	
158	
166	
174	
142	
166	
126	
136	
140	
144	
135	
159	
155	
157	
163	
183	
165	
146	
160	
155	
154	
141	
164	
153	
122	
161	
145	
141	
143	
127	
152	
133	
155	
143	
129	
145	
157	
140	
152	
124	
142	
142	
137	
148	
142	
145	
128	
150	
150	
152	
130	
137	
149	
143	
128	
137	
137	
174	
168	
130	
144	
142	
142	
128	
123	
161	
150	
130	
142	
120	
152	
137	
148	
163	
134	
141	
139	
141	
135	
119	
143	
121	
150	
137	
146	
125	
121	
110	
142	
127	
145	
130	
139	
102	
158	
122	
123	
141	
135	
125	
156	
151	
158	
145	
135	
137	
129	
108	
129	
142	
144	
127	
143	
111	
131	
123	
131	
131	
136	
139	
138	
125	
136	
135	
98	
105	
117	
139	
131	
119	
135	
114	
134	
129	
111	
125	
123	
108	
122	
142	
120	
125	
125	
108	
120	
135	
113	
122	
127	
132	
100	
114	
110	
109	
123	
116	
101	
106	
126	
107	
136	
116	
125	
141	
122	
134	
117	
123	
118	
116	
126	
123	
131	
106	
131	
118	
117	
94	
101	
108	
106	
119	
92	
110	
101	
106	
111	
113	
108	
117	
109	
121	
120	
105	
107	
106	
128	
105	
104	
107	
115	
117	
121	
120	
90	
112	
94	
101	
130	
109	
121	
118	
115	
117	
98	
98	
97	
107	
94	
110	
101	
91	
110	
87	
94	
115	
115	
119	
112	
109	
98	
105	
127	
98	
79	
91	
104	
111	
87	
114	
81	
100	
87	
94	
101	
117	
106	
101	
113	
89	
103	
95	
91	
92	
107	
95	
100	
100	
97	
88	
96	
92	
102	
102	
106	
111	
113	
101	
101	
102	
112	
112	
100	
108	
105	
108	
114	
113	
83	
79	
91	
102	
90	
88	
86	
101	
88	
110	
100	
98	
112	
102	
96	
106	
75	
116	
89	
113	
107	
104	
103	
109	
93	
107	
100	
68	
102	
97	
97	
91	
95	
91	
97	
90	
103	
99	
108	
89	
94	
83	
84	
92	
99	
89	
102	
82	
77	
88	
107	
93	
91	
76	
92	
94	
97	
104	
84	
100	
81	
105	
87	
90	
90	
96	
117	
78	
87	
88	
99	
89	
86	
86	
76	
76	
86	
95	
93	
79	
87	
93	
113	
79	
103	
85	
82	
79	
86	
92	
79	
79	
82	
85	
83	
76	
74	
74	
65	
87	
94	
97	
85	
90	
77	
80	
83	
82	
85	
99	
81	
81	
77	
81	
74	
95	
81	
76	
88	
73	
82	
96	
77	
78	
105	
85	
67	
68	
86	
75	
91	
65	
59	
80	
72	
74	
65	
66	
85	
71	
75	
82	
68	
82	
71	
65	
71	
71	
81	
65	
70	
70	
85	
84	
89	
66	
86	
82	
75	
75	
82	
79	
70	
77	
74	
73	
65	
56	
79	
76	
63	
60	
91	
74	
72	
63	
78	
75	
82	
69	
74	
76	
58	
78	
79	
82	
79	
58	
81	
76	
70	
77	
62	
61	
58	
74	
69	
75	
81	
75	
76	
77	
63	
70	
72	
68	
65	
56	
61	
65	
57	
63	
66	
81	
75	
66	
70	
66	
69	
64	
65	
71	
82	
73	
64	
72	
76	
63	
71	
57	
69	
57	
64	
84	
61	
69	
78	
55	
66	
72	
75	
59	
61	
53	
57	
69	
86	
82	
59	
66	
70	
66	
65	
55	
81	
70	
62	
80	
70	
55	
66	
47	
64	
59	
66	
58	
58	
63	
66	
56	
45	
65	
64	
72	
70	
59	
72	
55	
65	
66	
65	
64	
69	
58	
65	
63	
56	
50	
57	
50	
65	
51	
69	
66	
60	
63	
54	
56	
66	
51	
61	
50	
60	
59	
51	
61	
52	
66	
64	
57	
52	
69	
55	
55	
61	
57	
64	
51	
64	
52	
72	
47	
53	
57	
67	
46	
59	
54	
58	
53	
54	
42	
66	
47	
68	
57	
60	
63	
55	
54	
56	
58	
51	
53	
75	
51	
44	
56	
52	
61	
62	
68	
46	
66	
63	
52	
50	
58	
39	
60	
48	
56	
55	
56	
39	
52	
35	
62	
50	
43	
47	
45	
47	
52	
51	
57	
44	
54	
50	
50	
48	
61	
60	
60	
55	
59	
53	
48	
44	
49	
57	
48	
53	
58	
52	
40	
55	
40	
49	
46	
51	
56	
48	
47	
49	
43	
47	
42	
62	
53	
48	
53	
49	
50	
51	
36	
57	
45	
48	
57	
62	
40	
58	
47	
52	
45	
59	
55	
59	
48	
37	
57	
53	
52	
40	
42	
51	
44	
39	
40	
30	
46	
56	
42	
37	
49	
60	
38	
51	
39	
55	
45	
50	
42	
40	
56	
48	
43	
53	
42	
46	
50	
47	
51	
43	
49	
46	
45	
40	
39	
48	
44	
36	
45	
55	
44	
58	
47	
49	
49	
40	
45	
40	
46	
46	
40	
48	
44	
35	
48	
38	
38	
44	
42	
43	
40	
44	
38	
44	
40	
42	
46	
47	
42	
63	
34	
30	
41	
53	
36	
43	
39	
45	
47	
47	
38	
37	
37	
37	
31	
46	
33	
48	
41	
36	
34	
29	
41	
57	
45	
38	
38	
38	
44	
40	
41	
28	
35	
31	
37	
30	
43	
38	
40	
40	
34	
50	
39	
39	
35	
37	
41	
53	
45	
43	
38	
44	
48	
47	
40	
40	
39	
40	
36	
38	
46	
47	
36	
36	
36	
38	
28	
41	
33	
31	
32	
40	
27	
40	
33	
52	
40	
32	
56	
30	
34	
34	
42	
36	
24	
29	
33	
50	
36	
26	
39	
36	
33	
36	
41	
37	
35	
45	
28	
42	
31	
36	
30	
31	
34	
37	
26	
27	
44	
43	
45	
38	
30	
38	
24	
32	
25	
34	
38	
34	
36	
38	
38	
27	
34	
39	
33	
35	
37	
27	
26	
25	
37	
37	
27	
37	
31	
38	
40	
39	
25	
32	
24	
37	
42	
30	
21	
33	
24	
26	
37	
32	
38	
26	
26	
28	
41	
41	
23	
30	
31	
27	
19	
30	
35	
29	
31	
33	
39	
37	
26	
33	
34	
44	
37	
32	
28	
27	
37	
22	
35	
34	
32	
37	
32	
22	
31	
32	
36	
37	
32	
28	
28	
40	
23	
34	
23	
35	
33	
35	
34	
24	
37	
24	
26	
33	
34	
29	
31	
26	
30	
24	
26	
29	
30	
32	
33	
30	
25	
26	
42	
25	
25	
26	
28	
33	
28	
28	
31	
21	
21	
28	
22	
19	
25	
22	
34	
22	
32	
32	
27	
25	
38	
25	
19	
32	
27	
27	
28	
20	
34	
32	
33	
30	
28	
28	
33	
24	
25	
16	
33	
25	
20	
30	
22	
23	
27	
27	
27	
36	
29	
25	
29	
26	
25	
23	
22	
26	
26	
25	
37	
31	
30	
37	
29	
32	
19	
26	
25	
21	
23	
31	
27	
28	
33	
25	
37	
20	
26	
25	
29	
29	
29	
26	
20	
20	
24	
20	
32	
17	
26	
24	
18	
32	
27	
28	
39	
31	
25	
28	
26	
13	
25	
27	
21	
28	
32	
23	
29	
28	
17	
33	
18	
26	
13	
18	
22	
27	
30	
25	
23	
27	
26	
22	
25	
26	
21	
22	
21	
20	
18	
20	
21	
25	
17	
27	
20	
23	
27	
24	
24	
29	
34	
23	
21	
22	
25	
25	
23	
26	
27	
24	
26	
26	
25	
20	
24	
30	
26	
22	
34	
25	
26	
22	
19	
17	
15	
26	
15	
17	
30	
22	
18	
21	
19	
25	
20	
15	
29	
20	
18	
24	
31	
20	
12	
26	
19	
19	
25	
16	
22	
14	
27	
26	
23	
31	
25	
24	
27	
18	
20	
23	
21	
27	
16	
27	
14	
11	
21	
23	
21	
17	
21	
21	
24	
21	
18	
25	
17	
15	
11	
25	
22	
20	
16	
28	
21	
24	
22	
21	
16	
15	
22	
16	
18	
18	
20	
17	
19	
19	
14	
16	
14	
20	
24	
17	
21	
15	
18	
18	
19	
20	
19	
19	
17	
22	
17	
16	
20	
21	
17	
17	
23	
15	
14	
15	
19	
23	
24	
17	
12	
16	
20	
25	
17	
20	
20	
16	
21	
8	
16	
21	
18	
13	
20	
17	
21	
17	
21	
21	
14	
15	
15	
12	
20	
10	
26	
17	
16	
25	
17	
16	
22	
10	
16	
19	
15	
16	
13	
21	
23	
16	
19	
18	
19	
16	
25	
21	
23	
12	
14	
11	
21	
13	
24	
17	
15	
21	
17	
24	
21	
17	
12	
10	
9	
11	
17	
24	
18	
18	
16	
15	
15	
18	
15	
21	
18	
15	
6	
14	
15	
18	
11	
10	
13	
21	
17	
23	
14	
17	
12	
11	
17	
22	
15	
20	
18	
12	
31	
14	
19	
19	
16	
23	
19	
15	
12	
16	
16	
12	
13	
12	
19	
9	
17	
21	
22	
20	
16	
18	
12	
13	
14	
21	
14	
10	
9	
18	
14	
20	
13	
17	
12	
19	
20	
22	
15	
18	
14	
9	
22	
7	
15	
17	
22	
12	
16	
15	
20	
22	
12	
17	
11	
8	
18	
13	
12	
12	
13	
14	
12	
8	
14	
16	
15	
16	
12	
9	
14	
10	
18	
10	
13	
11	
11	
13	
20	
21	
15	
12	
8	
20	
16	
10	
9	
16	
10	
18	
22	
12	
13	
8	
13	
13	
21	
18	
16	
16	
17	
15	
15	
13	
12	
8	
8	
16	
16	
15	
14	
18	
13	
15	
13	
8	
17	
12	
17	
9	
12	
18	
17	
15	
16	
17	
11	
15	
11	
19	
21	
17	
13	
10	
11	
8	
10	
6	
22	
11	
5	
12	
9	
8	
13	
12	
13	
11	
11	
15	
16	
12	
14	
15	
18	
10	
20	
9	
19	
9	
19	
8	
12	
7	
17	
15	
10	
10	
11	
13	
14	
12	
12	
12	
9	
8	
16	
11	
18	
7	
9	
12	
8	
14	
6	
9	
12	
8	
14	
15	
9	
6	
10	
10	
12	
16	
10	
15	
11	
7	
12	
11	
11	
11	
16	
9	
11	
12	
12	
14	
14	
6	
13	
11	
8	
11	
11	
14	
16	
11	
12	
3	
10	
10	
10	
7	
15	
10	
12	
14	
10	
11	
11	
22	
15	
9	
7	
12	
10	
9	
12	
5	
3	
7	
10	
6	
8	
13	
13	
11	
10	
10	
14	
7	
7	
11	
14	
9	
13	
11	
12	
9	
9	
9	
11	
15	
10	
11	
14	
8	
9	
16	
12	
11	
13	
8	
8	
8	
15	
10	
11	
8	
5	
10	
7	
8	
16	
13	
13	
11	
11	
16	
11	
11	
4	
10	
7	
9	
11	
7	
10	
12	
14	
7	
9	
7	
10	
14	
7	
4	
18	
12	
15	
8	
7	
14	
7	
10	
12	
8	
13	
11	
9	
7	
6	
6	
14	
14	
3	
12	
14	
7	
9	
16	
12	
8	
11	
5	
5	
8	
6	
9	
13	
8	
10	
6	
13	
8	
7	
6	
7	
4	
9	
5	
13	
9	
10	
3	
7	
6	
9	
7	
13	
8	
10	
7	
15	
12	
7	
5	
4	
7	
3	
12	
10	
5	
15	
10	
8	
2	
7	
13	
5	
8	
7	
11	
5	
10	
13	
6	
9	
10	
5	
5	
6	
10	
7	
7	
5	
9	
9	
15	
8	
5	
13	
14	
10	
5	
8	
9	
6	
5	
6	
7	
7	
10	
5	
7	
8	
6	
9	
7	
9	
6	
8	
12	
13	
11	
9	
11	
6	
8	
11	
8	
2	
5	
6	
8	
5	
5	
11	
10	
5	
10	
10	
8	
6	
6	
5	
8	
12	
7	
12	
8	
5	
7	
7	
8	
10	
9	
3	
7	
10	
7	
2	
10	
10	
11	
9	
5	
4	
7	
5	
1	
9	
6	
8	
7	
6	
9	
8	
7	
8	
12	
6	
5	
5	
10	
7	
3	
4	
8	
11	
9	
6	
11	
10	
3	
8	
15	
7	
11	
8	
9	
6	
9	
10	
11	
4	
3	
9	
9	
4	
8	
6	
3	
4	
7	
10	
5	
10	
7	
5	
6	
1	
4	
9	
8	
5	
7	
7	
7	
7	
4	
5	
6	
7	
5	
6	
5	
5	
5	
5	
4	
4	
3	
7	
5	
9	
3	
5	
9	
8	
4	
10	
3	
3	
4	
3	
8	
3	
5	
6	
7	
8	
5	
3	
6	
6	
7	
2	
9	
5	
6	
3	
5	
6	
8	
7	
8	
4	
5	
7	
10	
5	
4	
6	
6	
4	
7	
9	
4	
5	
7	
5	
7	
4	
9	
3	
11	
7	
7	
6	
2	
5	
9	
7	
6	
9	
8	
12	
4	
7	
5	
4	
2	
7	
9	
4	
5	
7	
5	
6	
4	
6	
1	
7	
8	
8	
8	
3	
5	
4	
7	
5	
6	
3	
6	
12	
4	
7	
7	
5	
4	
7	
11	
6	
5	
7	
8	
9	
5	
5	
7	
4	
8	
3	
4	
8	
9	
7	
6	
7	
1	
4	
3	
5	
4	
5	
8	
5	
5	
3	
7	
9	
3	
5	
3	
5	
5	
8	
5	
5	
7	
8	
5	
4	
5	
9	
3	
6	
6	
6	
8	
7	
2	
4	
5	
5	
1	
7	
5	
5	
6	
3	
4	
6	
4	
3	
9	
3	
3	
5	
2	
3	
4	
7	
4	
4	
2	
4	
6	
6	
6	
6	
4	
3	
2	
3	
4	
6	
4	
9	
7	
0	
4	
4	
4	
6	
2	
4	
6	
3	
0	
4	
2	
5	
8	
4	
5	
6	
5	
6	
6	
4	
3	
5	
4	
5	
10	
5	
5	
5	
1	
5	
7	
2	
7	
5	
3	
1	
3	
3	
1	
4	
6	
5	
4	
4	
10	
4	
10	
5	
4	
3	
3	
6	
7	
7	
4	
6	
2	
5	
7	
1	
4	
7	
4	
4	
6	
7	
4	
4	
6	
10	
2	
6	
3	
3	
3	
6	
5	
6	
4	
5	
4	
3	
7	
3	
4	
3	
4	
5	
8	
8	
2	
2	
6	
1	
8	
3	
5	
4	
4	
4	
4	
7	
5	
5	
5	
4	
4	
6	
8	
3	
7	
1	
4	
4	
5	
10	
8	
4	
3	
7	
3	
5	
6	
4	
7	
6	
4	
5	
5	
2	
2	
5	
2	
2	
4	
5	
0	
4	
4	
2	
7	
8	
2	
1	
5	
3	
3	
3	
3	
2	
6	
2	
4	
2	
3	
7	
8	
2	
2	
3	
5	
7	
2	
4	
7	
5	
4	
1	
5	
4	
3	
6	
2	
2	
6	
2	
2	
5	
1	
2	
3	
5	
3	
5	
3	
2	
1	
0	
3	
1	
1	
5	
4	
8	
3	
7	
3	
2	
3	
4	
5	
6	
5	
1	
3	
2	
6	
1	
6	
5	
4	
4	
3	
3	
3	
4	
5	
3	
5	
6	
7	
1	
2	
4	
3	
1	
2	
3	
2	
8	
1	
6	
2	
5	
2	
3	
4	
4	
5	
1	
2	
2	
4	
4	
5	
3	
3	
2	
5	
2	
2	
4	
4	
4	
1	
3	
2	
3	
3	
7	
4	
4	
2	
2	
0	
1	
3	
9	
5	
5	
7	
2	
3	
3	
3	
3	
8	
2	
2	
2	
3	
3	
1	
4	
4	
4	
7	
0	
5	
2	
5	
2	
3	
4	
6	
6	
0	
1	
4	
5	
5	
2	
3	
1	
2	
3	
4	
2	
1	
3	
3	
5	
5	
1	
0	
2	
2	
2	
3	
2	
1	
2	
3	
2	
5	
1	
3	
5	
3	
3	
5	
5	
1	
1	
3	
5	
3	
3	
2	
1	
1	
4	
4	
5	
5	
0	
2	
4	
3	
4	
7	
4	
0	
1	
2	
2	
0	
4	
4	
3	
2	
2	
3	
1	
5	
5	
4	
3	
3	
6	
2	
2	
3	
2	
4	
3	
3	
3	
7	
3	
1	
5	
3	
4	
4	
2	
2	
1	
3	
1	
0	
2	
2	
5	
2	
7	
3	
3	
4	
1	
4	
0	
6	
2	
3	
2	
5	
5	
1	
4	
3	
3	
2	
2	
5	
3	
2	
4	
