#PicoHarp 300  Histogram Data			28/04/2023 05:25:40 PM
#channels per curve
5125
#display curve no.
0	
#memory block no.
0	
#ns/channel
0.0080	
#counts
0	
0	
0	
0	
0	
0	
0	
0	
0	
1	
0	
0	
0	
0	
0	
0	
0	
0	
0	
0	
0	
0	
0	
0	
0	
0	
1	
0	
0	
0	
0	
0	
0	
0	
0	
0	
0	
0	
0	
0	
0	
0	
0	
0	
0	
0	
0	
0	
0	
0	
0	
0	
0	
0	
0	
0	
0	
0	
0	
0	
0	
0	
0	
0	
0	
0	
0	
0	
0	
0	
0	
0	
0	
0	
0	
0	
0	
0	
0	
0	
0	
0	
0	
0	
0	
0	
0	
0	
0	
0	
0	
0	
0	
0	
0	
0	
0	
0	
0	
0	
0	
0	
1	
0	
0	
0	
1	
0	
0	
0	
0	
1	
0	
0	
0	
0	
0	
0	
0	
0	
1	
0	
0	
0	
1	
0	
0	
0	
0	
0	
0	
0	
0	
0	
0	
0	
0	
0	
0	
0	
0	
0	
0	
0	
0	
0	
0	
0	
0	
0	
0	
0	
0	
0	
1	
0	
1	
0	
0	
0	
0	
0	
0	
0	
0	
0	
0	
0	
0	
0	
0	
0	
0	
0	
0	
1	
0	
0	
0	
1	
0	
0	
0	
0	
0	
0	
0	
0	
0	
1	
0	
0	
0	
0	
0	
0	
0	
0	
0	
0	
0	
0	
0	
0	
0	
0	
0	
0	
0	
0	
0	
0	
0	
0	
0	
0	
0	
0	
0	
0	
0	
0	
0	
0	
0	
0	
0	
0	
0	
0	
0	
0	
1	
0	
0	
0	
0	
0	
0	
0	
0	
0	
0	
0	
0	
0	
0	
0	
0	
0	
0	
0	
0	
0	
0	
0	
0	
0	
0	
0	
0	
0	
0	
0	
0	
0	
0	
0	
0	
0	
0	
0	
0	
1	
0	
0	
0	
0	
0	
0	
0	
0	
0	
0	
0	
0	
0	
0	
0	
0	
0	
0	
0	
0	
0	
0	
0	
0	
0	
0	
0	
0	
1	
0	
0	
0	
0	
0	
0	
0	
0	
0	
0	
0	
0	
0	
0	
0	
1	
0	
0	
0	
0	
0	
0	
0	
1	
0	
0	
0	
0	
1	
0	
0	
0	
0	
0	
0	
0	
0	
0	
0	
0	
0	
0	
0	
0	
0	
0	
0	
0	
1	
0	
1	
0	
0	
0	
0	
0	
0	
0	
0	
1	
0	
0	
0	
0	
0	
0	
0	
0	
0	
1	
0	
0	
0	
0	
0	
0	
0	
1	
0	
0	
0	
0	
0	
0	
0	
1	
0	
0	
0	
0	
0	
0	
0	
0	
0	
0	
0	
0	
0	
0	
0	
0	
0	
0	
0	
0	
0	
1	
0	
0	
0	
0	
1	
0	
0	
0	
0	
0	
0	
0	
0	
0	
0	
0	
0	
0	
0	
0	
0	
0	
0	
0	
1	
0	
0	
0	
0	
0	
0	
0	
0	
0	
0	
0	
0	
0	
0	
0	
0	
0	
0	
0	
0	
0	
0	
0	
0	
0	
0	
0	
1	
1	
0	
0	
0	
1	
0	
0	
0	
0	
0	
0	
0	
0	
0	
0	
1	
0	
0	
0	
0	
0	
0	
0	
0	
0	
0	
0	
0	
0	
1	
0	
0	
0	
0	
0	
0	
0	
0	
0	
0	
0	
0	
0	
0	
0	
0	
0	
0	
0	
1	
0	
0	
0	
0	
0	
0	
0	
0	
0	
0	
0	
0	
0	
0	
0	
0	
0	
0	
0	
0	
0	
0	
0	
0	
0	
0	
0	
0	
0	
0	
0	
0	
0	
0	
0	
0	
0	
0	
0	
0	
0	
0	
0	
0	
0	
0	
0	
0	
0	
0	
0	
1	
0	
0	
0	
0	
0	
0	
0	
0	
0	
0	
0	
0	
0	
0	
0	
0	
0	
0	
0	
1	
0	
0	
0	
0	
0	
0	
0	
0	
0	
0	
0	
0	
0	
0	
0	
0	
0	
0	
0	
0	
0	
0	
0	
0	
0	
0	
0	
0	
0	
0	
0	
0	
0	
0	
0	
0	
0	
0	
1	
0	
0	
0	
0	
0	
0	
0	
0	
0	
0	
0	
0	
0	
0	
0	
0	
0	
0	
0	
0	
0	
0	
0	
0	
0	
0	
0	
1	
0	
0	
0	
0	
0	
0	
0	
0	
0	
1	
1	
0	
0	
0	
0	
1	
0	
1	
0	
0	
0	
0	
0	
0	
1	
1	
1	
0	
0	
0	
1	
0	
0	
1	
0	
0	
0	
0	
0	
0	
0	
0	
0	
0	
1	
0	
0	
0	
0	
0	
0	
0	
0	
0	
1	
0	
0	
0	
0	
0	
0	
0	
0	
0	
0	
1	
0	
0	
0	
0	
0	
0	
0	
0	
0	
0	
0	
0	
0	
0	
0	
0	
0	
1	
0	
1	
0	
0	
0	
0	
1	
0	
0	
1	
0	
0	
0	
0	
0	
0	
0	
0	
0	
0	
0	
0	
0	
0	
0	
0	
0	
0	
0	
0	
1	
0	
0	
0	
0	
0	
0	
0	
0	
0	
0	
1	
0	
0	
0	
0	
0	
1	
0	
0	
0	
0	
0	
0	
0	
0	
0	
0	
0	
0	
0	
0	
0	
0	
0	
0	
0	
0	
0	
0	
0	
0	
0	
0	
0	
0	
0	
0	
0	
1	
1	
0	
0	
0	
0	
0	
0	
0	
0	
0	
0	
0	
0	
0	
0	
0	
0	
0	
0	
0	
0	
0	
0	
0	
0	
0	
0	
1	
0	
1	
0	
2	
1	
0	
3	
3	
4	
4	
5	
7	
3	
9	
11	
3	
11	
6	
5	
4	
0	
1	
1	
2	
1	
1	
1	
0	
2	
1	
2	
0	
0	
0	
1	
0	
0	
0	
1	
1	
2	
1	
2	
0	
2	
1	
2	
2	
3	
2	
2	
1	
8	
8	
33	
99	
329	
722	
1442	
2269	
3084	
3811	
4970	
6356	
8825	
12285	
15840	
18786	
20000	
18483	
16105	
14500	
13371	
12319	
11630	
11333	
11238	
11009	
11074	
10763	
11145	
11014	
10962	
10728	
10565	
10321	
10241	
10243	
10195	
9895	
10048	
9968	
9775	
9759	
9760	
9891	
9662	
9815	
9637	
9640	
9585	
9573	
9635	
9782	
9508	
9674	
9513	
9642	
9378	
9579	
9395	
9477	
9352	
9529	
9558	
9495	
9631	
9430	
9446	
9475	
9451	
9613	
9505	
9432	
9282	
9346	
9487	
9271	
9347	
9274	
9245	
9221	
9196	
9041	
9016	
9276	
9007	
8942	
9090	
8973	
8961	
8844	
9080	
8800	
8939	
8672	
8818	
8797	
8895	
8754	
8706	
8715	
8751	
8715	
8673	
8601	
8600	
8588	
8536	
8711	
8402	
8538	
8541	
8562	
8330	
8240	
8384	
8373	
8203	
8265	
8333	
8314	
8384	
8187	
8315	
8337	
8236	
8149	
8162	
8166	
8105	
8172	
8233	
7963	
7949	
7951	
7945	
7971	
7979	
8033	
8085	
7889	
7898	
7662	
8062	
7775	
7940	
7645	
7616	
7647	
7661	
7738	
7893	
7719	
7606	
7647	
7407	
7599	
7493	
7489	
7556	
7539	
7425	
7533	
7510	
7501	
7325	
7341	
7439	
7371	
7255	
7295	
7309	
7387	
7320	
7256	
7163	
7242	
7105	
7286	
7202	
6949	
7010	
7189	
7018	
6993	
6990	
7071	
7132	
6980	
6955	
6979	
6976	
6793	
6832	
6879	
6826	
6910	
6926	
6840	
6840	
6817	
6815	
6836	
6674	
6675	
6800	
6525	
6762	
6643	
6655	
6583	
6618	
6585	
6598	
6666	
6526	
6683	
6449	
6480	
6509	
6388	
6476	
6382	
6284	
6536	
6397	
6338	
6172	
6271	
6263	
6192	
6359	
6195	
6284	
6233	
6135	
6230	
6268	
6239	
6231	
6086	
6170	
6144	
6113	
6140	
6103	
6202	
6031	
6137	
6190	
6061	
5871	
6003	
5939	
6001	
6006	
6020	
5848	
5897	
5812	
5903	
5896	
5743	
5769	
5757	
5770	
5814	
5756	
5692	
5654	
5723	
5660	
5673	
5576	
5555	
5560	
5719	
5686	
5633	
5550	
5576	
5468	
5467	
5497	
5468	
5488	
5587	
5461	
5457	
5481	
5405	
5414	
5309	
5407	
5454	
5472	
5336	
5296	
5165	
5331	
5285	
5234	
5148	
5286	
5211	
5241	
5066	
5236	
5152	
5292	
5165	
5113	
5144	
5228	
5178	
5035	
5193	
4957	
5097	
5103	
4975	
4978	
5068	
4913	
4919	
5033	
4886	
4879	
4971	
4890	
4894	
5012	
4772	
5017	
4874	
4906	
4896	
4837	
4889	
4782	
4842	
4749	
4743	
4741	
4770	
4691	
4570	
4615	
4697	
4640	
4699	
4664	
4617	
4619	
4690	
4664	
4601	
4581	
4541	
4558	
4555	
4567	
4509	
4507	
4589	
4485	
4448	
4431	
4457	
4514	
4385	
4386	
4316	
4335	
4375	
4285	
4469	
4466	
4295	
4354	
4271	
4277	
4275	
4370	
4273	
4368	
4158	
4193	
4261	
4196	
4164	
4155	
4149	
4193	
4262	
4034	
4270	
4189	
4189	
4208	
4136	
4198	
4157	
4236	
4161	
4113	
4078	
4277	
4019	
4028	
4000	
4097	
4150	
4009	
4092	
3993	
3835	
3997	
3933	
3950	
4010	
4098	
3981	
3896	
3881	
3818	
3857	
3803	
3857	
3884	
3769	
3756	
3816	
3727	
3863	
3842	
3679	
3788	
3720	
3823	
3738	
3748	
3748	
3589	
3676	
3724	
3692	
3642	
3689	
3603	
3528	
3649	
3708	
3603	
3627	
3572	
3521	
3507	
3584	
3507	
3473	
3511	
3517	
3483	
3442	
3500	
3499	
3506	
3557	
3472	
3505	
3436	
3499	
3446	
3393	
3411	
3371	
3365	
3322	
3400	
3361	
3404	
3412	
3385	
3264	
3280	
3388	
3298	
3385	
3327	
3339	
3288	
3333	
3206	
3220	
3275	
3257	
3329	
3145	
3184	
3307	
3277	
3240	
3104	
3226	
3086	
3155	
3161	
3191	
3109	
3125	
3124	
3116	
3003	
3008	
3074	
3084	
3064	
3012	
3090	
3098	
2968	
3056	
2971	
3112	
3029	
3048	
3130	
2948	
3022	
3038	
3041	
2941	
3038	
2928	
2956	
2857	
2968	
2859	
2980	
2853	
2920	
2947	
2919	
2754	
2840	
2842	
2922	
2887	
2919	
2781	
2830	
2823	
2822	
2850	
2801	
2788	
2809	
2819	
2745	
2794	
2774	
2778	
2774	
2706	
2690	
2738	
2724	
2730	
2768	
2715	
2683	
2605	
2653	
2702	
2657	
2707	
2572	
2568	
2585	
2566	
2622	
2573	
2619	
2558	
2659	
2648	
2581	
2583	
2516	
2597	
2599	
2553	
2533	
2585	
2672	
2447	
2604	
2571	
2536	
2500	
2566	
2480	
2402	
2429	
2498	
2425	
2474	
2426	
2441	
2454	
2417	
2464	
2370	
2342	
2456	
2410	
2443	
2437	
2440	
2418	
2290	
2365	
2339	
2424	
2359	
2315	
2351	
2353	
2291	
2324	
2354	
2324	
2201	
2303	
2251	
2275	
2232	
2234	
2298	
2299	
2233	
2267	
2301	
2231	
2280	
2246	
2222	
2175	
2185	
2159	
2231	
2227	
2251	
2159	
2244	
2138	
2166	
2147	
2161	
2164	
2188	
2125	
2142	
2178	
2134	
2160	
2066	
2122	
2149	
2134	
1978	
2059	
2171	
2086	
2075	
2078	
2095	
2090	
1981	
2053	
2097	
2000	
2052	
1998	
2013	
1982	
2016	
2059	
2047	
2002	
1993	
2009	
2008	
2021	
1968	
1986	
1958	
1957	
1927	
2062	
1993	
1997	
1934	
2029	
1827	
1983	
2018	
1991	
1949	
1911	
1927	
1923	
1861	
2014	
1917	
1864	
1932	
1864	
1939	
1861	
1870	
1859	
1892	
1864	
1873	
1839	
1780	
1853	
1796	
1836	
1793	
1773	
1795	
1830	
1792	
1752	
1759	
1849	
1782	
1773	
1753	
1737	
1695	
1851	
1770	
1724	
1806	
1742	
1769	
1698	
1686	
1690	
1648	
1662	
1705	
1677	
1707	
1648	
1628	
1733	
1696	
1714	
1727	
1698	
1695	
1673	
1657	
1658	
1640	
1629	
1589	
1685	
1662	
1720	
1586	
1645	
1625	
1608	
1524	
1528	
1563	
1592	
1628	
1597	
1564	
1635	
1546	
1619	
1521	
1588	
1532	
1563	
1576	
1506	
1547	
1567	
1555	
1508	
1471	
1509	
1515	
1457	
1518	
1523	
1485	
1468	
1495	
1539	
1534	
1425	
1419	
1444	
1496	
1474	
1405	
1483	
1426	
1451	
1407	
1486	
1507	
1434	
1419	
1470	
1448	
1415	
1462	
1377	
1485	
1397	
1475	
1405	
1373	
1467	
1349	
1408	
1303	
1393	
1356	
1321	
1378	
1370	
1403	
1388	
1398	
1346	
1409	
1348	
1294	
1330	
1314	
1335	
1359	
1311	
1363	
1177	
1291	
1256	
1292	
1292	
1280	
1264	
1196	
1232	
1324	
1349	
1274	
1308	
1284	
1322	
1319	
1307	
1247	
1312	
1294	
1323	
1238	
1243	
1242	
1241	
1187	
1282	
1204	
1196	
1250	
1274	
1164	
1208	
1265	
1241	
1184	
1266	
1186	
1266	
1159	
1214	
1225	
1207	
1242	
1255	
1190	
1177	
1139	
1190	
1158	
1196	
1129	
1119	
1245	
1173	
1133	
1104	
1177	
1106	
1169	
1177	
1151	
1178	
1096	
1097	
1103	
1114	
1114	
1078	
1116	
1093	
1146	
1116	
1121	
1050	
1124	
1110	
1113	
1066	
1036	
1074	
1112	
1065	
1022	
1143	
1067	
1069	
1057	
1062	
1086	
1084	
1054	
1056	
1056	
1082	
1026	
1046	
1054	
1024	
1022	
1064	
1072	
1039	
1070	
1087	
1015	
934	
1010	
1038	
1022	
1021	
980	
1056	
996	
1006	
1025	
956	
952	
974	
930	
1017	
991	
969	
992	
973	
964	
953	
970	
974	
947	
935	
1019	
977	
1004	
972	
981	
998	
969	
895	
933	
966	
933	
931	
938	
951	
899	
935	
953	
940	
917	
850	
920	
926	
931	
885	
934	
918	
926	
911	
945	
845	
899	
852	
834	
930	
895	
841	
890	
939	
901	
878	
851	
835	
839	
860	
841	
822	
823	
861	
838	
860	
841	
856	
851	
855	
870	
808	
815	
813	
786	
816	
819	
805	
839	
813	
798	
808	
802	
815	
738	
775	
780	
795	
786	
760	
808	
811	
817	
813	
780	
805	
812	
806	
768	
777	
785	
775	
752	
812	
764	
810	
839	
762	
770	
743	
778	
756	
804	
768	
733	
728	
748	
791	
698	
762	
760	
775	
678	
761	
724	
722	
732	
692	
706	
747	
697	
760	
797	
735	
776	
709	
720	
706	
708	
715	
740	
695	
703	
700	
723	
728	
733	
666	
737	
708	
676	
701	
669	
718	
643	
701	
678	
713	
706	
701	
670	
664	
686	
676	
679	
654	
665	
642	
660	
678	
637	
676	
648	
673	
703	
619	
598	
635	
637	
624	
603	
610	
594	
629	
668	
634	
642	
633	
620	
648	
662	
642	
601	
615	
620	
613	
626	
614	
616	
605	
608	
626	
638	
615	
615	
604	
597	
578	
589	
670	
573	
620	
588	
571	
571	
594	
598	
582	
565	
618	
563	
582	
598	
584	
587	
558	
595	
593	
563	
573	
569	
600	
556	
564	
524	
577	
546	
553	
552	
540	
526	
534	
550	
545	
551	
539	
569	
543	
530	
546	
544	
541	
526	
517	
528	
541	
543	
549	
561	
514	
508	
521	
544	
485	
492	
558	
498	
512	
513	
503	
488	
531	
523	
492	
567	
499	
504	
527	
550	
522	
460	
542	
520	
507	
509	
502	
487	
491	
495	
452	
482	
481	
506	
489	
519	
512	
461	
437	
474	
530	
445	
454	
491	
457	
414	
491	
492	
481	
454	
491	
441	
429	
483	
460	
440	
449	
488	
470	
443	
468	
454	
469	
448	
457	
396	
446	
466	
471	
441	
422	
441	
438	
462	
478	
431	
420	
403	
460	
418	
435	
445	
395	
436	
401	
401	
414	
420	
428	
428	
417	
409	
395	
409	
387	
429	
385	
452	
444	
414	
395	
445	
418	
415	
367	
398	
398	
403	
441	
392	
409	
399	
425	
418	
415	
395	
425	
401	
393	
405	
409	
393	
390	
391	
352	
380	
393	
390	
382	
394	
366	
377	
399	
401	
377	
358	
366	
403	
375	
365	
377	
334	
370	
371	
382	
373	
352	
328	
393	
375	
360	
399	
364	
331	
353	
371	
362	
330	
324	
368	
332	
351	
360	
407	
342	
345	
378	
371	
376	
354	
373	
326	
329	
362	
330	
324	
375	
373	
325	
333	
334	
370	
318	
342	
333	
329	
301	
334	
318	
316	
327	
306	
345	
330	
351	
354	
332	
362	
324	
312	
330	
309	
302	
324	
336	
341	
302	
311	
316	
308	
300	
310	
341	
296	
292	
307	
312	
304	
310	
320	
303	
301	
340	
297	
337	
321	
275	
303	
296	
285	
322	
298	
271	
291	
279	
276	
319	
296	
307	
295	
308	
265	
291	
272	
284	
296	
293	
270	
288	
248	
291	
290	
278	
298	
283	
291	
285	
292	
271	
277	
267	
298	
261	
285	
280	
282	
302	
284	
266	
252	
239	
249	
260	
239	
244	
249	
266	
266	
256	
279	
260	
269	
265	
258	
271	
238	
229	
269	
248	
278	
244	
259	
254	
227	
268	
263	
256	
241	
235	
253	
250	
277	
255	
219	
235	
241	
251	
240	
245	
260	
235	
269	
247	
233	
226	
244	
261	
247	
238	
255	
232	
243	
227	
279	
246	
243	
249	
233	
223	
232	
244	
233	
243	
236	
207	
232	
242	
236	
211	
219	
214	
260	
198	
231	
224	
248	
218	
221	
220	
204	
224	
235	
213	
216	
229	
220	
184	
188	
208	
191	
238	
219	
222	
217	
233	
211	
204	
208	
190	
198	
202	
216	
214	
186	
201	
205	
210	
192	
216	
175	
232	
205	
187	
209	
209	
203	
189	
208	
214	
199	
203	
174	
195	
203	
207	
237	
179	
198	
195	
224	
197	
198	
184	
208	
190	
175	
204	
206	
216	
210	
196	
196	
188	
192	
207	
190	
207	
194	
185	
178	
171	
192	
186	
203	
173	
181	
173	
178	
186	
159	
175	
172	
188	
186	
168	
178	
193	
164	
180	
183	
173	
160	
179	
202	
181	
169	
192	
171	
163	
185	
151	
169	
177	
168	
163	
176	
163	
170	
165	
171	
182	
178	
170	
181	
161	
165	
150	
176	
154	
160	
156	
150	
167	
162	
185	
164	
172	
166	
151	
164	
157	
157	
144	
168	
165	
158	
142	
176	
183	
181	
162	
161	
153	
146	
164	
158	
183	
131	
141	
144	
148	
164	
144	
165	
157	
157	
150	
148	
133	
142	
154	
156	
162	
136	
167	
123	
153	
157	
180	
157	
153	
159	
144	
130	
149	
151	
152	
152	
142	
159	
142	
121	
144	
138	
136	
148	
127	
148	
135	
132	
143	
137	
157	
127	
133	
145	
121	
134	
149	
131	
141	
154	
144	
151	
138	
128	
132	
148	
133	
135	
136	
121	
125	
152	
139	
135	
121	
132	
124	
144	
131	
141	
120	
134	
123	
142	
124	
135	
122	
140	
125	
123	
139	
124	
137	
97	
121	
151	
137	
122	
118	
128	
108	
127	
105	
118	
126	
153	
122	
116	
127	
114	
135	
130	
120	
123	
124	
126	
121	
121	
128	
112	
122	
123	
122	
116	
110	
113	
96	
108	
129	
128	
97	
118	
113	
104	
120	
110	
108	
114	
133	
117	
112	
111	
119	
105	
124	
100	
113	
107	
97	
106	
105	
111	
92	
97	
121	
107	
98	
93	
103	
105	
111	
109	
90	
125	
110	
113	
98	
113	
104	
111	
115	
99	
119	
106	
99	
102	
96	
88	
102	
86	
88	
101	
112	
120	
93	
99	
105	
101	
109	
117	
98	
97	
87	
80	
104	
112	
98	
96	
91	
102	
100	
89	
105	
104	
102	
108	
111	
95	
92	
84	
84	
88	
84	
100	
106	
86	
90	
92	
80	
98	
102	
80	
89	
84	
94	
96	
83	
82	
88	
83	
89	
85	
86	
80	
97	
86	
94	
68	
79	
98	
85	
66	
66	
102	
84	
83	
78	
80	
78	
103	
79	
75	
74	
88	
91	
75	
70	
80	
83	
77	
65	
102	
83	
99	
68	
68	
70	
65	
71	
84	
85	
72	
85	
79	
73	
73	
71	
75	
85	
87	
72	
61	
72	
78	
92	
83	
80	
88	
74	
75	
84	
71	
80	
70	
72	
59	
73	
72	
82	
75	
78	
67	
86	
66	
65	
68	
72	
67	
65	
78	
82	
78	
66	
73	
67	
57	
75	
91	
73	
70	
58	
73	
67	
68	
79	
67	
66	
83	
74	
75	
68	
81	
55	
77	
63	
69	
63	
61	
73	
66	
76	
76	
66	
70	
60	
57	
73	
75	
61	
67	
73	
67	
57	
63	
59	
72	
66	
58	
59	
52	
59	
72	
72	
73	
68	
68	
67	
68	
83	
38	
68	
78	
52	
65	
62	
67	
70	
62	
58	
44	
66	
70	
60	
58	
57	
55	
39	
64	
60	
56	
55	
56	
54	
61	
65	
67	
63	
64	
59	
58	
57	
52	
60	
54	
55	
49	
67	
52	
58	
51	
60	
58	
57	
69	
53	
54	
61	
68	
54	
60	
52	
50	
60	
49	
54	
60	
53	
45	
54	
60	
54	
46	
48	
59	
60	
58	
69	
56	
58	
52	
59	
55	
60	
47	
50	
54	
46	
50	
58	
56	
48	
66	
54	
46	
55	
68	
57	
59	
43	
57	
45	
50	
49	
47	
55	
45	
54	
49	
45	
61	
63	
44	
50	
45	
45	
43	
58	
64	
50	
54	
54	
60	
53	
47	
49	
50	
47	
53	
47	
33	
37	
36	
41	
45	
49	
54	
42	
47	
39	
51	
46	
54	
31	
29	
34	
46	
42	
44	
45	
42	
54	
35	
51	
51	
44	
50	
43	
39	
55	
46	
35	
47	
38	
39	
49	
47	
46	
49	
41	
63	
39	
46	
40	
40	
44	
46	
34	
32	
48	
43	
36	
48	
37	
48	
41	
46	
38	
43	
39	
40	
53	
41	
42	
42	
44	
41	
50	
46	
28	
53	
38	
43	
53	
38	
46	
30	
45	
44	
36	
34	
33	
39	
42	
29	
37	
42	
38	
33	
30	
36	
41	
44	
45	
28	
36	
46	
44	
44	
40	
30	
27	
39	
35	
36	
41	
36	
35	
21	
37	
43	
46	
40	
40	
40	
23	
41	
39	
46	
29	
36	
36	
38	
41	
27	
25	
35	
54	
31	
31	
37	
34	
30	
34	
32	
31	
34	
45	
46	
31	
35	
34	
25	
37	
38	
34	
22	
38	
33	
31	
31	
27	
26	
35	
29	
33	
28	
34	
30	
26	
49	
41	
36	
23	
31	
23	
27	
30	
42	
30	
26	
25	
39	
31	
29	
34	
25	
25	
30	
39	
38	
30	
28	
22	
27	
14	
26	
26	
30	
32	
22	
35	
28	
33	
33	
31	
35	
33	
23	
27	
31	
30	
28	
30	
30	
30	
25	
22	
24	
28	
27	
28	
31	
27	
30	
31	
33	
34	
23	
31	
31	
30	
21	
25	
22	
26	
34	
31	
24	
34	
33	
23	
17	
30	
32	
24	
33	
22	
37	
31	
23	
23	
29	
20	
21	
25	
28	
23	
26	
22	
27	
20	
21	
24	
24	
21	
24	
19	
26	
31	
24	
26	
23	
28	
26	
20	
25	
26	
38	
24	
21	
26	
24	
29	
20	
19	
27	
19	
34	
19	
27	
30	
17	
18	
19	
20	
18	
22	
31	
29	
34	
24	
16	
22	
21	
26	
8	
23	
30	
23	
21	
27	
20	
26	
23	
30	
23	
32	
22	
29	
16	
21	
19	
22	
21	
22	
19	
20	
26	
25	
25	
20	
19	
26	
26	
21	
19	
25	
15	
26	
16	
26	
21	
18	
16	
19	
13	
12	
21	
25	
25	
21	
21	
23	
19	
25	
23	
24	
18	
19	
23	
19	
26	
26	
20	
16	
23	
19	
15	
16	
21	
16	
12	
23	
15	
18	
16	
27	
23	
13	
19	
14	
23	
17	
26	
15	
22	
21	
25	
26	
27	
23	
20	
19	
18	
20	
21	
17	
14	
25	
25	
17	
16	
21	
18	
16	
20	
14	
18	
17	
18	
23	
15	
16	
17	
12	
12	
9	
21	
19	
21	
17	
13	
17	
25	
18	
14	
9	
19	
17	
19	
9	
19	
34	
20	
14	
19	
14	
23	
25	
18	
16	
12	
18	
9	
21	
15	
19	
17	
17	
15	
21	
16	
19	
11	
27	
15	
15	
19	
20	
14	
28	
18	
13	
21	
8	
13	
18	
9	
10	
13	
12	
16	
17	
9	
14	
14	
21	
16	
14	
15	
9	
13	
19	
14	
12	
14	
16	
23	
10	
14	
15	
10	
17	
20	
12	
19	
16	
11	
16	
8	
12	
18	
12	
15	
10	
18	
20	
10	
18	
10	
7	
8	
14	
15	
14	
17	
27	
12	
14	
14	
9	
22	
7	
12	
10	
17	
12	
13	
15	
16	
14	
10	
21	
13	
15	
16	
15	
7	
16	
14	
16	
16	
18	
8	
7	
14	
14	
7	
16	
14	
21	
10	
13	
15	
17	
13	
12	
9	
12	
13	
15	
14	
7	
16	
12	
14	
9	
12	
20	
9	
12	
17	
6	
12	
8	
13	
11	
13	
19	
8	
9	
12	
13	
12	
15	
11	
11	
14	
10	
10	
8	
12	
10	
7	
6	
6	
14	
8	
11	
13	
10	
13	
14	
9	
19	
9	
8	
7	
7	
8	
14	
16	
10	
9	
14	
11	
11	
12	
14	
7	
13	
6	
12	
16	
12	
10	
10	
14	
14	
15	
11	
7	
13	
11	
11	
11	
12	
17	
10	
12	
10	
13	
13	
13	
14	
15	
10	
9	
13	
10	
7	
9	
7	
5	
4	
9	
6	
21	
10	
10	
13	
15	
12	
13	
3	
9	
8	
13	
9	
7	
13	
9	
15	
7	
7	
15	
13	
10	
10	
6	
6	
12	
9	
8	
6	
7	
11	
10	
13	
13	
5	
9	
14	
13	
8	
5	
8	
7	
11	
4	
16	
5	
9	
10	
8	
10	
15	
11	
10	
10	
7	
9	
3	
5	
13	
17	
14	
9	
12	
5	
6	
4	
5	
12	
5	
7	
5	
5	
11	
11	
6	
13	
4	
6	
8	
8	
11	
4	
11	
10	
10	
6	
11	
9	
4	
9	
9	
6	
7	
8	
8	
14	
4	
8	
8	
12	
11	
10	
5	
11	
6	
9	
11	
5	
4	
7	
9	
15	
9	
7	
9	
8	
7	
6	
7	
7	
3	
7	
10	
9	
9	
5	
8	
10	
4	
6	
9	
12	
8	
5	
4	
6	
5	
9	
6	
7	
5	
9	
10	
10	
9	
8	
7	
7	
13	
6	
8	
4	
7	
8	
3	
3	
7	
8	
7	
8	
9	
3	
6	
5	
5	
10	
6	
9	
9	
7	
11	
8	
10	
4	
8	
6	
7	
5	
6	
3	
8	
16	
5	
9	
5	
10	
7	
8	
9	
8	
6	
6	
7	
2	
7	
4	
7	
4	
3	
9	
6	
4	
5	
11	
8	
5	
4	
6	
2	
5	
6	
5	
7	
10	
5	
5	
9	
6	
8	
7	
1	
3	
6	
4	
7	
4	
5	
5	
6	
8	
5	
4	
6	
5	
8	
6	
5	
5	
6	
4	
3	
4	
2	
8	
4	
4	
5	
6	
3	
8	
6	
6	
8	
1	
5	
4	
8	
4	
8	
4	
6	
7	
4	
7	
4	
5	
9	
7	
7	
6	
4	
7	
3	
2	
6	
3	
2	
2	
4	
4	
9	
3	
4	
3	
5	
5	
3	
5	
2	
5	
4	
7	
2	
5	
4	
5	
3	
2	
6	
8	
5	
4	
5	
5	
6	
6	
6	
4	
4	
4	
7	
7	
6	
8	
6	
4	
4	
5	
10	
3	
5	
7	
10	
2	
2	
4	
1	
2	
2	
8	
4	
5	
2	
2	
2	
3	
8	
2	
1	
6	
6	
9	
4	
6	
1	
1	
4	
2	
7	
7	
4	
3	
5	
1	
5	
8	
0	
5	
8	
2	
2	
7	
5	
7	
2	
2	
7	
5	
2	
3	
4	
1	
2	
4	
2	
3	
4	
2	
3	
3	
2	
6	
2	
2	
3	
8	
6	
2	
3	
7	
4	
3	
1	
2	
3	
2	
4	
2	
4	
2	
4	
3	
4	
2	
3	
3	
5	
1	
8	
5	
3	
3	
4	
2	
1	
1	
3	
1	
3	
1	
5	
6	
3	
6	
5	
6	
6	
3	
3	
4	
4	
1	
4	
7	
4	
4	
1	
7	
3	
4	
2	
1	
3	
8	
4	
2	
2	
5	
2	
2	
1	
2	
1	
3	
4	
7	
1	
3	
1	
2	
3	
3	
2	
3	
3	
0	
2	
2	
2	
0	
1	
3	
4	
4	
4	
3	
6	
1	
4	
4	
2	
0	
1	
3	
4	
1	
3	
7	
4	
6	
3	
2	
2	
6	
4	
2	
1	
4	
3	
1	
0	
0	
4	
3	
1	
1	
3	
2	
4	
4	
5	
6	
3	
2	
1	
0	
3	
3	
3	
3	
1	
4	
1	
0	
2	
0	
4	
3	
4	
3	
6	
2	
1	
2	
5	
3	
1	
3	
3	
2	
3	
1	
0	
3	
2	
0	
2	
1	
3	
0	
6	
1	
4	
5	
1	
4	
1	
1	
3	
4	
1	
0	
1	
2	
2	
4	
3	
3	
5	
5	
1	
3	
3	
2	
4	
4	
2	
1	
5	
4	
3	
2	
5	
4	
3	
0	
1	
4	
4	
0	
3	
1	
3	
0	
5	
4	
1	
1	
3	
3	
2	
2	
3	
5	
2	
3	
1	
1	
2	
3	
1	
2	
1	
4	
3	
3	
0	
3	
1	
3	
3	
1	
5	
4	
4	
2	
4	
0	
3	
1	
5	
0	
1	
3	
2	
1	
3	
2	
1	
3	
3	
1	
2	
1	
1	
2	
1	
5	
3	
1	
1	
1	
0	
6	
3	
2	
3	
7	
1	
2	
2	
0	
1	
2	
3	
0	
1	
2	
1	
2	
2	
4	
2	
1	
1	
3	
0	
4	
2	
4	
1	
6	
0	
1	
1	
1	
0	
3	
1	
2	
0	
1	
1	
3	
3	
2	
3	
3	
1	
1	
1	
2	
1	
2	
4	
2	
1	
1	
1	
1	
3	
0	
1	
3	
0	
1	
2	
1	
2	
1	
1	
2	
3	
1	
1	
0	
1	
2	
4	
2	
1	
2	
2	
1	
1	
1	
4	
0	
2	
0	
2	
2	
1	
1	
0	
2	
2	
1	
3	
2	
2	
2	
2	
2	
1	
2	
2	
2	
0	
3	
0	
0	
1	
0	
3	
2	
0	
1	
4	
2	
0	
0	
0	
2	
0	
4	
1	
1	
0	
1	
1	
2	
1	
1	
2	
4	
1	
3	
1	
0	
1	
2	
2	
4	
0	
3	
1	
1	
0	
4	
2	
1	
1	
2	
0	
1	
1	
3	
0	
0	
1	
2	
2	
2	
3	
1	
1	
1	
1	
1	
1	
0	
0	
2	
2	
0	
1	
1	
1	
1	
1	
2	
0	
2	
1	
0	
1	
1	
3	
0	
3	
1	
1	
2	
1	
1	
2	
4	
0	
3	
1	
3	
1	
1	
5	
3	
2	
1	
0	
1	
1	
0	
1	
4	
1	
1	
4	
2	
1	
1	
0	
0	
1	
3	
1	
1	
1	
0	
3	
3	
0	
1	
0	
1	
3	
1	
1	
0	
1	
1	
0	
1	
0	
0	
0	
0	
0	
0	
0	
0	
0	
2	
1	
0	
0	
1	
2	
2	
1	
0	
0	
2	
3	
0	
1	
1	
4	
0	
1	
0	
2	
1	
0	
0	
2	
0	
0	
2	
2	
0	
2	
0	
1	
1	
1	
3	
2	
0	
2	
3	
0	
0	
1	
3	
1	
0	
3	
1	
0	
1	
0	
1	
0	
0	
1	
2	
0	
1	
0	
1	
2	
1	
1	
2	
2	
1	
1	
0	
2	
1	
2	
0	
1	
0	
2	
0	
4	
0	
4	
3	
0	
1	
0	
0	
1	
1	
2	
1	
1	
1	
0	
1	
0	
0	
1	
1	
1	
1	
0	
2	
0	
1	
1	
3	
1	
2	
1	
2	
1	
2	
0	
0	
1	
2	
0	
0	
1	
1	
1	
0	
1	
0	
1	
0	
2	
0	
0	
1	
0	
1	
0	
0	
1	
2	
0	
1	
0	
1	
0	
0	
3	
2	
1	
0	
2	
0	
3	
1	
0	
1	
2	
1	
0	
3	
0	
0	
1	
0	
2	
1	
0	
1	
0	
0	
0	
3	
1	
1	
1	
2	
1	
0	
0	
1	
1	
1	
0	
1	
0	
2	
0	
5	
1	
0	
0	
0	
1	
0	
1	
1	
0	
1	
2	
0	
1	
1	
0	
1	
2	
1	
1	
0	
1	
1	
0	
2	
1	
1	
2	
1	
2	
1	
0	
0	
1	
0	
0	
0	
0	
0	
1	
1	
1	
1	
0	
0	
2	
1	
0	
1	
1	
0	
0	
0	
0	
1	
1	
0	
0	
1	
1	
1	
0	
2	
0	
2	
0	
4	
1	
0	
1	
0	
0	
0	
1	
1	
1	
0	
3	
3	
0	
0	
0	
0	
0	
3	
1	
0	
0	
0	
1	
0	
0	
3	
1	
2	
1	
0	
1	
2	
0	
0	
0	
0	
1	
1	
3	
0	
2	
0	
1	
2	
0	
1	
1	
0	
2	
0	
1	
0	
0	
1	
2	
2	
0	
0	
2	
1	
1	
0	
1	
1	
0	
1	
0	
0	
1	
0	
0	
0	
2	
0	
1	
0	
1	
2	
0	
0	
1	
0	
1	
0	
0	
1	
0	
0	
1	
1	
0	
1	
2	
0	
1	
4	
1	
0	
0	
0	
0	
0	
0	
0	
0	
0	
0	
1	
0	
0	
2	
0	
0	
2	
2	
0	
1	
1	
0	
0	
1	
3	
0	
0	
0	
1	
0	
2	
2	
0	
0	
0	
0	
2	
2	
0	
1	
0	
1	
0	
0	
2	
0	
0	
0	
0	
0	
0	
0	
0	
1	
0	
1	
0	
0	
1	
2	
1	
1	
1	
0	
0	
0	
2	
0	
1	
0	
1	
0	
0	
0	
1	
0	
0	
0	
0	
0	
1	
0	
1	
0	
0	
1	
3	
1	
0	
0	
0	
0	
0	
2	
0	
0	
0	
0	
1	
0	
0	
1	
0	
0	
0	
0	
0	
0	
0	
0	
1	
1	
0	
0	
1	
1	
0	
1	
0	
0	
1	
1	
1	
2	
0	
0	
